<simulation verbosity='high'>
   <step>385</step>
   <total_steps>5000</total_steps>
   <output prefix=''>
      <properties shape='(6)' filename='tut1.md'>
       [ step, time{picosecond}, conserved{kelvin}, temperature{kelvin}, potential{kelvin}, 
         kinetic_cv{kelvin} ]
      </properties>
      <properties stride='20' shape='(1)' filename='tut1.force'> [ atom_f{piconewton}(atom=0;bead=0) ] </properties>
      <trajectory format='pdb' filename='tut1.pos' stride='100' cell_units='angstrom'>positions{angstrom}</trajectory>
      <checkpoint stride='1000' filename='tut1.checkpoint'>1</checkpoint>
   </output>
   <prng>
      <set_pos>164</set_pos>
      <state shape='(624)'>
       [ 3878358822, 4205893756, 2726215957, 1259074683, 1199780422, 
         3964817945, 4231361450, 3157802612, 604704343, 1032299247, 
         1696869251, 665266476, 101786539, 3348842874, 617414565, 
         74020894, 1349879205, 1476082052, 4036996498, 2208583868, 
         809464103, 3897818037, 1847395467, 2320591935, 2825270214, 
         3579579660, 3374310790, 1625292951, 3294101567, 3840488116, 
         473283146, 3133635562, 3163018905, 3255205272, 1061665338, 
         2215984044, 1267427109, 1672979988, 1070622492, 1958499525, 
         2740146188, 3284828333, 3764947872, 1919890013, 1904629308, 
         570624942, 829068753, 1933016516, 1330835601, 1973925015, 
         1363388649, 169780585, 1073387892, 116831796, 3600038166, 
         3765488974, 2941276796, 3252390085, 3720957274, 2450148777, 
         4198264710, 428835405, 956525855, 1317966205, 1201503100, 
         2627071554, 2147767709, 2937552526, 1329103260, 2586892346, 
         1535891074, 2272532113, 811762126, 2655570518, 3974209410, 
         3836876067, 837741204, 1175018513, 3122311120, 4148736814, 
         1026610684, 606164550, 1015119458, 3383796041, 1011369268, 
         4180142188, 1604411139, 3673059848, 3297945595, 2279589040, 
         2132757435, 4274991144, 1113544577, 1611501579, 2617171034, 
         2910550155, 1061909946, 2599314799, 3230924261, 3351470785, 
         388518426, 1828400658, 828521001, 630680455, 3288176416, 
         3625177320, 438633171, 3075384608, 1315492786, 1881342495, 
         3745382224, 2560960746, 561520067, 2937026245, 1666606131, 
         32564396, 2197729718, 4204457831, 1723694227, 2545260188, 
         1960296141, 1738400690, 3767164343, 3913368043, 2590861098, 
         2447208147, 2704548319, 527249035, 3083140798, 4262165819, 
         3116008714, 402189160, 2417019704, 1943841694, 1937436317, 
         1209697594, 2777641621, 3810359070, 2823053121, 130855548, 
         1086306304, 1137459868, 83706419, 2554048210, 2638676639, 
         1795546452, 588640604, 2865969374, 2488169496, 3781060276, 
         2694982085, 3816767191, 2948942845, 367015804, 4074919913, 
         1081803812, 31140629, 294400949, 3113248736, 2988887444, 
         1354533150, 2021034870, 1256772370, 2018689203, 2757224657, 
         1639944656, 1875771971, 1239059545, 986019449, 886591925, 
         2682632136, 2474744670, 3699897410, 1710806972, 362017689, 
         3430252918, 3392038273, 622195833, 190975757, 1939482187, 
         2938261323, 2145160743, 82380106, 3070316423, 350685861, 
         3929276973, 1924298635, 1681617855, 2965689466, 1524428842, 
         2730249742, 1483978115, 825536942, 3205535151, 188644440, 
         1017887815, 3970892714, 2639425694, 498123232, 242436161, 
         1510074753, 3002953661, 2499843873, 1937952334, 576798724, 
         2788866547, 797278693, 3640924793, 4011756673, 2787579169, 
         6185655, 2054397584, 3776365159, 1089999825, 3887524351, 
         2207429416, 1076400924, 2603540665, 119859809, 2675940198, 
         449283214, 1367198830, 3437540132, 178022696, 2901058395, 
         232150372, 1526528388, 278793961, 2692297613, 872942931, 
         2795047134, 2821780507, 1614728888, 2723319779, 3393822869, 
         1375134932, 504141534, 3224128790, 1994243088, 2884563083, 
         434144762, 1207250244, 994316754, 3786130640, 3006293867, 
         3166476128, 1637484074, 2321299748, 2332246343, 1851650717, 
         357502204, 1741671699, 1706911745, 2830434709, 1544359592, 
         1931299752, 3264186997, 837383378, 3445367888, 2152174180, 
         643101197, 2962680568, 1949702711, 3171609754, 1790069362, 
         2274352112, 962436779, 638527797, 2695587765, 2612638860, 
         769548673, 4018657812, 282826943, 517292973, 574343120, 
         3028535598, 414641584, 12553368, 3467377182, 2582889324, 
         1125477043, 3983949779, 2097417475, 2985896003, 2747052079, 
         1686175850, 1514835564, 4015893575, 2152086205, 2162908360, 
         887103491, 3564327460, 3375624068, 784464190, 1209906380, 
         3423395504, 3243752386, 3643164609, 4021495714, 1153004308, 
         3678855923, 806187207, 2193310568, 2345149147, 3600719716, 
         3178149928, 16889179, 4257246412, 420975921, 3359217934, 
         3379082614, 799339470, 1856500136, 2571243883, 1893558554, 
         644364535, 353827220, 3320411835, 2994989570, 649651006, 
         792548117, 667286172, 3522403053, 193250365, 2901378432, 
         3440948490, 2047774166, 3613652634, 3616066531, 1341718086, 
         2037323938, 330457353, 1975772309, 834031236, 4015224112, 
         1499386449, 4257544284, 1093519866, 1803163347, 827582492, 
         465822973, 2438798283, 1178779244, 3222753619, 3242133918, 
         248353919, 2727627246, 113641565, 3627710838, 2472736645, 
         4035071194, 1767832638, 3204461000, 3747393244, 3862772886, 
         1050009468, 2617569900, 2177746324, 3073144764, 657449454, 
         2892127137, 2393047022, 3206047575, 3079114160, 2432154392, 
         277807361, 3922633580, 1160172163, 2176576452, 1670573231, 
         4036101895, 3490233245, 2561583470, 1531048523, 170758879, 
         498928656, 2751433070, 4256713844, 4229729558, 3389217635, 
         3361262969, 1935597322, 3670960714, 1409732115, 1057833388, 
         1045934722, 299558082, 3906326082, 1288403138, 625385563, 
         2907520828, 3907005245, 1480241746, 2055594160, 1059584334, 
         2909330656, 596961697, 4031129635, 1667241860, 1104885850, 
         922751128, 4155264247, 2826731574, 2453748088, 3440489486, 
         1484554577, 3382271510, 3791931422, 4193181682, 2684046128, 
         1498440735, 2564822742, 53254527, 1145133959, 3486878285, 
         1229601068, 834969724, 587071885, 273325851, 1982282513, 
         1119832911, 3193280142, 1727149811, 1077363586, 491927723, 
         4129335272, 543335269, 3474005523, 3191923266, 3866246492, 
         2187029529, 3245558056, 3273518971, 2455046959, 2227573309, 
         2587839033, 3403060688, 1967192509, 1673915299, 1574840051, 
         3705372216, 2374974770, 138386728, 2792215464, 2463958553, 
         3547644997, 693569573, 2930484282, 973560129, 4266622633, 
         233004136, 780557093, 4272864876, 2764908969, 3838285918, 
         3799218235, 2202451294, 2807469301, 3958822549, 1262321322, 
         3030658563, 961511499, 3539036665, 2891458266, 724641750, 
         3359837661, 507732823, 4184739674, 2752915867, 2209968856, 
         3867953948, 1509843664, 3326066472, 1136625996, 3428570707, 
         1388806184, 2147734461, 1737172328, 4063756723, 3276077714, 
         3258653887, 1922658578, 2214641633, 3247534805, 1726488602, 
         159140280, 1316413702, 2550253700, 2509327084, 4045977069, 
         3091776421, 3282838203, 1885659007, 4273815916, 3776684654, 
         1849371764, 1661454681, 1525942509, 3899346221, 491192628, 
         1532682074, 1855747307, 3310066294, 2692324123, 3003544534, 
         1342505868, 2671214785, 3294867269, 1142270080, 1647668151, 
         417990665, 4123387943, 65097289, 3718706443, 2968380652, 
         884425253, 4091277001, 3308028357, 3766828381, 2592788513, 
         3448804089, 512890344, 1724144431, 2314793288, 2684649985, 
         2033352896, 3273148925, 968826462, 1547554829, 3085588854, 
         653659730, 906756537, 3532483438, 4114655688, 1426535557, 
         3163727692, 1774328817, 1779905817, 128585262, 630594085, 
         3317736625, 277873468, 243192853, 3126042916, 1259562994, 
         686219265, 2565425583, 1173443160, 2322266903, 3734958687, 
         316397961, 1840142230, 2100824910, 69805834, 276460544, 
         1773020021, 3720632614, 2723943076, 1657217657, 3411505392, 
         3263480569, 1013173449, 2044573359, 2389742660, 635800532, 
         2905893561, 587589197, 1117741817, 1151405456, 1456020654, 
         397794113, 1112824217, 1118120459, 3196773127, 556728450, 
         3178912345, 2903110966, 11507113, 1745860621, 2217810872, 
         2944236175, 188449804, 3253320323, 3827665997, 3838229412, 
         2868296724, 1014147745, 4067889201, 3448658424, 3830864994, 
         3766025877, 3594558429, 129371982, 3814953155, 140742152, 
         3741736109, 68173714, 1109956992, 1766598345, 3684059861, 
         1044767592, 2291404883, 912076647, 2782702339, 1584648593, 
         1179127403, 277800927, 248551647, 257044337, 3966210508, 
         3950091381, 1780085535, 1585420623, 2010499391, 1100907303, 
         2505104514, 1685738960, 2743662529, 463938465, 458565595, 
         3071572213, 633515810, 1696480342, 268529202 ]
      </state>
      <seed>12345</seed>
   </prng>
   <ffsocket name='driver'>
      <port>31415</port>
   </ffsocket>
   <system>
      <cell shape='(3, 3)'>
       [   1.78470000e+01,   1.09281357e-15,   1.09281357e-15,   0.00000000e+00,   1.78470000e+01, 
           1.09281357e-15,   0.00000000e+00,   0.00000000e+00,   1.78470000e+01 ]
      </cell>
      <beads natoms='108' nbeads='4'>
         <q shape='(4, 324)'>
          [  -1.42152293e+01,   3.65689023e+00,  -6.69809125e+00,  -9.05898376e+00,   8.94230102e+00, 
              1.37681391e+01,   7.84160327e+00,  -1.48676955e+00,  -3.26192110e+00,   1.18357047e+00, 
              2.10643068e+00,   2.06401077e+00,  -5.43209436e+00,   8.23524043e+00,   1.64664951e+01, 
             -9.63795645e+00,  -3.27210403e+00,   8.06415693e+00,   1.14378601e+01,   4.65962617e+00, 
              2.16497453e+01,   2.64843057e+00,   1.19253396e+01,  -1.39703519e+00,   5.40859555e-01, 
             -2.50869843e+00,   1.59113850e+01,   1.08234908e+01,   6.82167349e+00,   4.27099157e+01, 
             -3.06513643e+00,  -9.09616256e-01,   1.61243261e+01,   2.79342870e+00,   5.45265061e+00, 
              2.57023067e+01,   9.17762592e+00,   1.25169191e+01,   3.03359124e+00,  -1.80931150e+00, 
              1.72611789e+01,   1.96192780e+00,   1.24668151e+01,   9.69635715e+00,  -4.86188599e+00, 
              5.05928267e+00,   2.97096128e+01,   8.13485478e+00,   1.70152501e+01,   7.47675445e+00, 
              2.54999950e+01,  -4.94166547e+00,   1.65538673e+01,  -5.65290270e+00,   8.67802276e+00, 
              1.70353120e+01,   1.11499186e+01,  -4.73366332e+00,   1.88414756e+01,   4.88752868e+00, 
              3.33351005e-01,   2.13921571e+01,   2.32988751e+01,  -4.02114654e+00,   2.17838339e+01, 
              3.42282667e+01,   1.09826606e+01,   2.87016056e+00,   2.86200767e+01,   9.97734106e+00, 
              1.21428269e+01,   3.44342404e+01,  -9.38366342e+00,   1.95116948e+01,   3.50962997e+00, 
             -1.72758299e+01,   3.21588231e+01,   5.06668040e+00,   8.77205173e+00,   2.67816017e+01, 
              1.24177982e-01,  -7.67029139e-01,   1.41039031e+01,   8.82489373e+00,   3.47767707e+00, 
              2.99609944e+01,   2.22253075e+01,   2.99134367e+00,   3.30401829e+01,   8.29679919e+00, 
              5.26538593e+00,   2.41467613e+01,   1.29491439e+01,   2.16703563e+00,   2.75416957e+01, 
              1.67733611e+00,  -4.03036816e+00,   2.64175775e+01,   2.32296488e+01,  -6.91389323e+00, 
              3.77069784e+01,   3.24920954e+01,  -1.86243383e+00,   3.22488673e+01,   3.09883754e+01, 
              4.71604683e+00,   2.78469345e+01,   3.01721118e+01,   1.76713618e+01,   6.97046443e+00, 
              3.71479437e+00,   2.02574903e+01,   1.52966633e+01,   1.80252558e+00,   8.30054994e+00, 
              1.03469812e+01,  -1.14807215e+01,   2.18897972e+01,   4.22690436e+00,  -1.27721418e+00, 
              1.15140828e+01,  -4.89534314e+00,   6.41344688e+00,   1.57464666e+01,   9.54959202e+00, 
              1.09516804e+01,   1.97093660e+00,   1.33122369e+00,   8.68414657e+00,   1.73059236e+01, 
             -1.23704129e+01,   1.76716756e+01,   1.66108072e+01,  -4.61827858e+00,   1.85441863e+01, 
              1.92011084e+01,   8.76292512e-01,   1.29998954e+01,  -3.12017698e+00,   1.45296744e+01, 
              2.23197707e+01,   1.66444080e+00,  -6.09402825e+00,   2.85879717e+01,   1.66690081e+01, 
              2.86059081e+01,   3.68666231e+00,   1.31343762e+01,   1.28669643e+01,   1.07784788e+01, 
              2.11118861e+01,   8.32507033e+00,   5.49618753e+00,   5.25632083e+00,   8.47430094e+00, 
             -1.02798916e+00,   6.68889162e+00,   2.28617044e+01,   1.86952944e+00,   2.42298402e+01, 
              1.80123324e+01,   2.48241686e+01,   2.28347629e+01,   6.19679239e-01,   2.01112346e+01, 
              7.56008977e+00,   1.93874239e+01,   1.73601359e+01,   8.29747809e+00,  -2.15569279e+00, 
              1.85889093e+01,   1.13226960e+01,   1.59026286e+01,   3.35458111e+01,   1.37188713e+01, 
              1.25303094e+01,   1.57301113e+01,   1.72874199e+01,   4.50250774e+00,   2.82024434e+01, 
              2.24864209e+01,   1.76596865e+01,  -6.95187697e+00,   1.42630238e+01,   3.73313119e+01, 
              9.32707771e+00,   3.01868221e+01,   1.48298563e+01,   1.21351699e+00,   4.43365025e+00, 
              2.10605670e+01,   5.39285701e+00,   2.57402881e+01,   2.30072711e+01,  -2.46657989e+00, 
              2.41544564e+01,   2.99976405e+01,   1.48628955e+01,   6.08589073e+00,   3.28543085e+01, 
              4.24936254e+00,   9.69431459e+00,   2.11611916e+01,   2.47062544e+01,   2.94751622e+01, 
              2.36403496e+01,   3.11311224e+01,   2.38603929e+01,   2.70220536e+01,   3.87568860e+01, 
              2.95121321e+00,   3.63828204e+01,   1.66773495e+01,   1.52541683e+01,   2.10569546e+01, 
              3.79292133e+01,   3.08220869e+01,  -6.73586345e+00,   2.10782923e+00,   3.73497378e+01, 
              7.77624833e+00,  -6.82947346e+00,   3.14880819e+01,   1.56624928e+01,  -9.69263411e+00, 
              2.81749071e+01,  -1.70442757e+00,   4.40251288e+00,   2.38215600e+01,  -3.97376381e+00, 
              2.91717463e+01,   2.78813236e+01,  -4.63686524e+00,   1.28724193e+01,   3.27801310e+01, 
              2.48200208e+00,   1.31573215e+01,   1.88989096e+01,  -7.05878750e+00,   2.48839074e+01, 
              1.55643634e+01,  -1.09915045e+01,   3.20434109e+01,   1.69948525e+01,   1.71989508e+01, 
              2.83737675e+01,   3.83471336e+01,  -3.67353671e-01,   2.30151055e+01,   1.88609665e+01, 
              4.60103661e+00,   3.18776972e+01,   1.76257812e+01,   1.10709803e+01,  -3.79157128e+00, 
              2.02289268e+01,  -2.88108870e+00,   1.24310386e+01,   3.74299029e+01,   7.91641439e+00, 
             -1.99779101e+00,   3.29380497e+01,   2.92488709e+01,   7.39577014e+00,   2.08121155e+01, 
              2.35931669e+01,   1.99902941e+01,   1.03473106e+01,   8.52384652e+00,   2.13754023e+01, 
              2.37247309e+01,   8.08837341e+00,   2.67074221e+01,   2.63633020e+01,  -6.76509311e+00, 
              1.01819707e+01,   1.66203404e+01,   1.77325617e+01,   2.41379208e+01,   2.66790022e+01, 
              6.43502122e+00,   2.83679034e+01,   2.83591061e+01,   1.77811983e+01,   2.58800260e+01, 
              3.22315454e+01,   4.57228515e+00,   2.42244382e+01,   2.36307857e+01,   3.04090978e+01, 
              8.49504411e-01,   2.23601744e+01,   3.33224478e+01,  -1.73118344e+00,   4.27667850e+01, 
              2.38356877e+01,   5.47021890e+00,   3.51145504e+01,   1.95955037e+01,  -1.55398135e+00, 
              2.39910045e+01,   1.97933978e+01,   1.37076296e+01,   1.62024580e+01,   2.75412008e+01, 
              1.74957748e+01,   2.47403611e+01,   3.86875168e+01,   2.74924215e+01,   3.19290600e+01, 
              2.47629233e+01,   1.96084463e+01,   3.13679201e+01,   2.40695357e+01,   1.01029498e+01, 
              2.97065038e+01,   2.75519748e+01,   2.68919991e+01,   2.81620977e+01,   4.07944038e+01, 
              1.81373415e+01,   2.95123940e+01,   1.89543074e+01,   3.65624633e+01,  -6.76782028e+00, 
              6.88410751e-01,  -6.40962866e+00,   4.45993300e-01,   8.44420094e+00,   6.35020966e+00, 
              1.01846795e+01,   4.36457999e+00,  -4.78099923e+00,   1.16251617e+01,   8.95062331e+00, 
             -2.08143674e-01,  -5.07261799e+00,   1.48086428e+00,   1.49423577e+01,  -1.31759165e+01, 
              3.16002547e-01,   1.18871153e+01,   8.95807545e+00,   4.51228404e+00,   2.12016583e+01, 
              1.08299189e+01,   8.58978955e+00,   3.74784400e+00,   3.55579150e+00,  -7.38152191e+00, 
              1.91560837e+01,   1.06234226e+01,   2.72091555e+00,   3.60310713e+01,   3.72703106e+00, 
             -6.68205303e+00,   1.47122285e+01,  -2.51601319e+00,   4.47030941e+00,   2.50012395e+01, 
              7.38716397e-01,   9.78532103e+00,  -1.30310762e+00,  -8.28633941e+00,   1.83690195e+01, 
              4.00222664e+00,   1.15078052e+01,   1.67768961e+01,   1.33751363e-01,   3.65725648e+00, 
              2.33681138e+01,   1.25382628e+01,   1.84673387e+01,   5.59420545e+00,   2.73595485e+01, 
              5.31386335e-02,   1.14119435e+01,   3.37154976e+00,   2.67066549e+00,   1.32993842e+01, 
              6.36568820e+00,  -3.50041801e+00,   1.75366905e+01,   7.56112971e+00,  -1.97489528e+00, 
              2.41101970e+01,   1.76648548e+01,  -2.90128447e+00,   1.96080766e+01,   2.94912386e+01, 
              7.78573069e+00,   2.14489120e+00,   2.86064375e+01,   1.15988105e+01,   1.28744867e+01, 
              3.55551456e+01,  -1.16397418e+01,   3.06914405e+01,   8.67932819e+00,  -1.06665190e+01, 
              2.62659046e+01,   2.49795376e+00,   1.89972744e+00,   3.26019226e+01,   2.68728176e+00, 
             -2.10954720e+00,   1.13423446e+01,   6.61242050e+00,   3.60687276e+00,   2.44112032e+01, 
              2.54647658e+01,  -3.10502410e+00,   2.96449156e+01,   1.08360157e+01,   7.83312652e+00, 
              2.55874411e+01,   1.34499466e+01,   7.18319396e+00,   1.91521861e+01,   1.07221280e+00, 
              3.13533795e-01,   3.03918945e+01,   3.06303036e+01,   6.19682166e-01,   4.35350198e+01, 
              3.78500903e+01,  -2.69208806e+00,   3.43412004e+01,   3.30580182e+01,   1.33728597e+01, 
              3.32933824e+01,   2.87689097e+01,   2.97315161e+01,   5.44705008e+00,   5.60891636e+00, 
              1.82904896e+01,   1.35660069e+01,  -6.88701575e-01,   1.20690029e+01,   9.08199668e+00, 
             -1.01280835e+01,   1.49644106e+01,   8.16821003e+00,   4.47501640e+00,   1.14982287e+01, 
             -2.90854181e+00,   1.41604385e+01,   1.23194100e+01,   8.25806194e+00,   1.19697404e+01, 
              5.89350229e+00,  -1.24293849e+00,   8.03288179e+00,   9.08063006e+00,  -1.17524321e+01, 
              1.68536933e+01,   1.49536276e+01,  -3.05303068e+00,   1.89005030e+01,   2.21752413e+01, 
             -3.66746696e+00,   1.74146734e+01,  -9.62412348e-01,   1.42743624e+01,   2.64101378e+01, 
              3.85192955e+00,   2.38003048e+00,   2.63723679e+01,   1.92025027e+01,   2.20699194e+01, 
              5.54836545e+00,   1.69530833e+01,   1.63837127e+01,   1.17292065e+01,   1.32807959e+01, 
              1.92729053e+01,   4.10428359e+00,   9.28638479e+00,   1.19876323e+01,   2.50837145e+00, 
              6.44235293e+00,   2.33287981e+01,   9.80096576e+00,   2.17031464e+01,   2.47533862e+01, 
              2.13475216e+01,   1.61612286e+01,   4.66760761e+00,   2.12010642e+01,   5.37885612e+00, 
              1.70106432e+01,   1.53500139e+01,   8.07903779e+00,  -4.02507935e+00,   1.56178900e+01, 
              1.24332245e+01,   1.32787943e+01,   2.52270877e+01,   1.25631797e+01,   5.79628655e+00, 
              1.95223163e+01,   1.92466982e+01,   5.81819928e+00,   3.35750541e+01,   1.93645949e+01, 
              1.63606524e+01,  -3.38184111e+00,   1.06762796e+01,   3.02367861e+01,   1.08020484e+01, 
              2.67861655e+01,   1.82760582e+01,  -2.81938235e+00,  -6.27704731e+00,   2.00844698e+01, 
              7.85865023e+00,   2.14338995e+01,   1.83113385e+01,   1.31103199e+00,   2.33020807e+01, 
              3.05537179e+01,   2.13328810e+01,   1.31289795e+01,   2.97022279e+01,   3.57700917e+00, 
              1.91829645e+01,   2.86306521e+01,   2.69992159e+01,   2.79140029e+01,   2.34685852e+01, 
              2.73581237e+01,   2.25845281e+01,   2.54671305e+01,   3.38493581e+01,   1.11878038e+00, 
              2.66094669e+01,   1.25180574e+01,   1.35449690e+01,   2.28734999e+01,   2.84160047e+01, 
              2.62492010e+01,  -3.28109223e+00,   5.49457015e+00,   3.30661732e+01,   8.90115459e+00, 
             -3.45565434e+00,   3.34822895e+01,   8.38940052e+00,  -8.31550602e+00,   2.81108916e+01, 
             -1.50322650e+00,   8.22704868e+00,   2.65823821e+01,  -6.96303324e+00,   2.43162551e+01, 
              2.49968067e+01,  -6.11282296e+00,   1.26092691e+01,   3.10641493e+01,   5.59586724e+00, 
              1.51415235e+01,   2.18606241e+01,  -3.75650188e+00,   1.23076958e+01,   1.94461709e+01, 
             -1.40511449e+01,   3.68765243e+01,   2.29945000e+01,   3.42755184e+00,   2.21495759e+01, 
              3.69464991e+01,   2.23215494e+00,   2.96918081e+01,   1.68285367e+01,   5.52864253e+00, 
              3.07747024e+01,   2.26499896e+01,   9.97588875e+00,  -1.15632336e+01,   2.25600890e+01, 
              8.97518038e+00,   1.07473440e+01,   3.48755404e+01,   7.25102260e-01,   3.83650480e+00, 
              2.99041845e+01,   3.33647074e+01,   4.00449242e+00,   1.47303026e+01,   1.98206047e+01, 
              1.83607025e+01,   7.51457027e+00,   1.03048545e+01,   1.71310406e+01,   3.39385074e+01, 
              1.50158970e+01,   2.28070472e+01,   2.56202659e+01,   2.07468574e+00,   7.09915716e+00, 
              2.01083092e+01,   1.60002545e+01,   2.71336813e+01,   2.55255010e+01,   6.90656999e+00, 
              2.41868518e+01,   2.46051055e+01,   2.13285742e+01,   3.24845328e+01,   3.30062885e+01, 
              1.03681650e+01,   1.85608678e+01,   2.56629940e+01,   3.32927477e+01,   1.20585998e+00, 
              1.48860650e+01,   3.04297502e+01,  -2.63620076e+00,   3.59241424e+01,   1.76109011e+01, 
              3.49547761e-01,   3.55405967e+01,   1.92718874e+01,  -9.42048608e+00,   2.02604724e+01, 
              1.81412805e+01,   2.33277412e+01,   1.69883288e+01,   3.79389728e+01,   1.51293331e+01, 
              2.33301469e+01,   3.46841761e+01,   2.20443174e+01,   3.88787161e+01,   2.01470848e+01, 
              1.54118755e+01,   2.86134672e+01,   2.85226087e+01,   1.44352551e+01,   2.64312365e+01, 
              2.69562091e+01,   2.76688052e+01,   2.36606506e+01,   4.04696946e+01,   1.83712478e+01, 
              2.57919647e+01,   1.56501780e+01,   2.96519756e+01,  -7.40119290e+00,   3.21035713e+00, 
             -7.79639131e+00,  -1.75359028e-01,   1.00015278e+01,   9.36008982e+00,   1.11869750e+01, 
              6.04630717e+00,  -4.59319869e+00,   1.19033647e+01,   1.77658719e+00,  -4.21340782e+00, 
             -7.40120683e+00,  -3.35764675e+00,   1.12842280e+01,  -1.50732824e+01,  -1.94504606e+00, 
              1.07143550e+01,   1.46998210e+01,   3.18971930e+00,   2.88854289e+01,   6.10210996e+00, 
              1.46154696e+01,   5.92219866e-01,   5.73227401e+00,  -1.47481664e+00,   2.30740967e+01, 
              2.93316980e+00,   3.93943805e+00,   4.32015226e+01,   5.64877162e-01,  -1.24497786e+01, 
              1.79659447e+01,  -2.96410035e+00,   1.76849622e+00,   2.17284171e+01,   2.02223878e+00, 
              1.46754245e+01,  -4.25458702e-01,  -3.56907549e+00,   2.24264884e+01,  -2.78626419e+00, 
              8.17902219e+00,   1.37175893e+01,  -3.26371796e+00,   3.47472906e+00,   2.56711538e+01, 
              1.79443847e+01,   1.30593502e+01,   9.56163160e+00,   1.96311109e+01,  -3.91450256e+00, 
              5.98763819e+00,   3.89306474e+00,   7.19364703e+00,   7.54593528e+00,   1.10526663e+01, 
             -6.50001164e+00,   2.08503277e+01,   6.24751527e+00,  -3.73908774e+00,   1.80120013e+01, 
              2.50637190e+01,  -2.93509537e+00,   2.51188433e+01,   3.00680475e+01,  -2.15298379e-01, 
              1.28545540e+01,   2.22245411e+01,   4.80303534e+00,   1.17975084e+01,   3.11912816e+01, 
             -8.85080877e+00,   2.73604281e+01,  -2.60658551e+00,  -1.03317133e+01,   2.43601689e+01, 
             -6.24131758e-01,  -1.72248348e+00,   2.88660306e+01,  -4.54720008e+00,  -3.36519052e-01, 
              1.37400155e+01,   8.58333766e+00,  -5.80519437e+00,   2.63260936e+01,   2.38358339e+01, 
             -1.43089101e+00,   3.38505939e+01,   2.42811325e+00,   1.01188016e+01,   3.05410596e+01, 
              1.75728172e+01,   8.57337331e+00,   1.87391884e+01,   4.49340707e+00,  -2.07894831e+00, 
              2.55778922e+01,   3.46915343e+01,  -2.57940450e+00,   4.58142669e+01,   4.10322680e+01, 
              1.24332752e+00,   3.04720524e+01,   2.98197308e+01,   6.67857146e+00,   3.28687275e+01, 
              2.85822644e+01,   2.39022380e+01,   7.43027418e+00,   3.17425156e+00,   2.00796722e+01, 
              1.86375369e+01,  -1.50650994e+00,   1.06714062e+01,   1.15894991e+01,  -9.59644863e+00, 
              2.15072822e+01,   4.08421169e+00,   2.01532726e+00,   1.48065823e+01,  -2.62208541e+00, 
              1.27653963e+01,   1.47510827e+01,   3.83466424e+00,   1.85482371e+01,  -7.75467788e-01, 
              2.89767475e+00,   7.61178008e+00,   1.79978040e+01,  -1.62360658e+01,   1.92325757e+01, 
              1.24973542e+01,  -5.34088679e+00,   1.42648702e+01,   1.91715868e+01,   2.16531261e+00, 
              1.09180666e+01,   2.99899776e+00,   1.43534586e+01,   2.47676910e+01,   4.34969208e+00, 
              4.76688300e-01,   2.63130569e+01,   1.73105062e+01,   2.59459676e+01,   2.87043266e+00, 
              1.83906347e+01,   1.61711015e+01,   1.37109985e+01,   1.99987710e+01,   1.06518986e+01, 
              6.16525321e+00,   5.67238949e+00,   1.19132121e+01,   3.99290146e+00,   1.36481388e+01, 
              2.34868391e+01,   8.20707816e+00,   1.81998288e+01,   2.17261707e+01,   1.42848295e+01, 
              1.66756176e+01,   1.10962928e+01,   1.82924883e+01,   4.43189377e+00,   1.53826464e+01, 
              1.44484531e+01,   1.35886052e+01,  -4.32923162e+00,   1.90505418e+01,   1.40591686e+01, 
              9.91920749e+00,   2.72450598e+01,   1.61703120e+01,   1.41448900e+01,   1.63509034e+01, 
              2.55284251e+01,   4.38603282e+00,   3.11816547e+01,   1.09123966e+01,   1.59404565e+01, 
             -1.11053935e+01,   1.80911314e+01,   2.40647654e+01,   1.04336985e+01,   2.50352419e+01, 
              2.09106727e+01,   1.34254135e+00,  -4.08374076e+00,   1.38420276e+01,   9.32481695e+00, 
              1.22997813e+01,   1.68954958e+01,   3.12906723e+00,   2.67127678e+01,   2.75507876e+01, 
              1.97389059e+01,   9.78823917e+00,   3.86833913e+01,  -1.47670580e+00,   2.09092466e+01, 
              2.67973764e+01,   2.90954819e+01,   3.05745380e+01,   2.67519817e+01,   3.29928859e+01, 
              1.88623583e+01,   2.55566997e+01,   3.23867177e+01,   1.84326318e+00,   2.90501236e+01, 
              1.57680720e+01,   7.94834381e+00,   2.72112370e+01,   2.42569429e+01,   2.73327235e+01, 
             -9.56388105e-01,   2.43789149e-01,   2.94245658e+01,   6.35799134e+00,  -1.51033908e-03, 
              2.91844548e+01,   1.60057959e+01,  -3.06746325e+00,   3.83159930e+01,  -2.51387235e+00, 
              3.32298484e+00,   2.24804813e+01,  -1.04408717e+01,   2.57976095e+01,   2.99849105e+01, 
             -4.38496041e-01,   1.04332792e+01,   3.81245121e+01,   1.12371303e+01,   1.96587275e+01, 
              2.21219714e+01,   4.22652470e+00,   1.60775405e+01,   2.22687807e+01,  -1.62718894e+01, 
              3.07778377e+01,   2.90739603e+01,   2.89249240e+00,   1.98919008e+01,   4.22342982e+01, 
              3.59368523e+00,   2.71616218e+01,   2.18645044e+01,   5.23565575e+00,   2.98093039e+01, 
              2.26624391e+01,   1.14897773e+01,  -8.93718268e+00,   2.65577741e+01,  -2.98082881e+00, 
              3.32637695e+00,   3.56081566e+01,   4.16470135e+00,   4.07995415e+00,   2.91516470e+01, 
              2.99530578e+01,   4.31558044e+00,   2.05426172e+01,   2.50067555e+01,   2.23951713e+01, 
              9.70433965e+00,   6.13493901e+00,   2.18755333e+01,   2.58460667e+01,   1.12525280e+01, 
              2.89088621e+01,   2.55409676e+01,  -4.34249914e+00,   7.14925985e+00,   1.78855233e+01, 
              1.70530292e+01,   2.38048775e+01,   2.75997471e+01,   6.38803447e+00,   2.63859490e+01, 
              2.62066183e+01,   1.80278709e+01,   2.64841112e+01,   3.50444901e+01,   7.26174416e+00, 
              2.46242574e+01,   2.29888180e+01,   2.60815163e+01,  -3.37161071e+00,   1.42996909e+01, 
              3.20557261e+01,   5.34543559e+00,   3.86220085e+01,   1.91611597e+01,   4.80197905e+00, 
              3.17381435e+01,   1.77134831e+01,  -6.70200861e-01,   2.27073929e+01,   1.79015114e+01, 
              1.94564976e+01,   2.46002519e+01,   3.62458973e+01,   1.60163982e+01,   1.67401129e+01, 
              3.51674186e+01,   2.79853330e+01,   3.37011879e+01,   1.89147369e+01,   1.43260345e+01, 
              2.36120595e+01,   2.90266414e+01,   1.73496009e+01,   2.88965888e+01,   2.73577561e+01, 
              2.94268455e+01,   2.43365332e+01,   3.99166513e+01,   2.32335361e+01,   2.60718197e+01, 
              1.81666470e+01,   3.03619983e+01,  -7.19183819e+00,  -7.04066511e-01,  -6.76440340e+00, 
             -6.06903779e+00,   6.41549683e+00,   7.30301483e+00,   1.24600701e+01,  -1.73055571e+00, 
             -2.18592766e+00,   3.43540871e+00,   3.71147377e+00,  -2.61851581e+00,  -2.89049263e+00, 
              8.64942274e+00,   8.88770515e+00,  -1.04750389e+01,  -1.77207061e-01,   6.90006809e+00, 
              9.85850277e+00,   9.12217952e+00,   2.74030635e+01,   9.71720825e+00,   1.07822886e+01, 
              2.55355122e+00,  -4.35237731e+00,  -3.13563026e-01,   2.15675884e+01,   3.52154594e+00, 
              1.31548233e+00,   3.63380136e+01,   1.83195296e-01,   3.71364430e-01,   2.78412720e+01, 
             -7.74795754e+00,  -3.26171638e-01,   1.83024787e+01,   1.15260332e+01,   2.09475195e+01, 
              1.45810486e+00,  -9.15138053e-02,   1.95869992e+01,  -2.51333380e+00,   1.28084695e+01, 
              6.68369492e+00,  -6.61028853e+00,   3.80843038e+00,   2.89690550e+01,   1.69710119e+01, 
              1.46261420e+01,   1.26308246e+01,   1.56639320e+01,  -7.96281353e+00,   9.26269440e-01, 
              4.14899852e+00,   1.25873828e+01,   3.39015089e+00,   5.24594329e+00,  -3.71185740e+00, 
              1.85483879e+01,   1.27615451e+01,   1.29912620e+00,   1.30290001e+01,   2.28798053e+01, 
              2.67352633e+00,   2.80173157e+01,   2.96251482e+01,   8.27671195e+00,   8.19849584e+00, 
              2.39157391e+01,  -3.03776923e+00,   1.67870056e+01,   2.69487453e+01,  -5.55064686e+00, 
              2.46906113e+01,   6.33472197e-01,  -1.19821690e+01,   2.71926987e+01,   9.36873650e+00, 
              5.73573322e+00,   2.69167762e+01,  -3.56344825e+00,  -1.00045145e+01,   1.45426592e+01, 
              9.09528754e+00,  -5.76244245e+00,   2.78942667e+01,   2.40206857e+01,  -1.69034544e+00, 
              3.31256066e+01,   5.16804551e+00,   7.62523393e+00,   2.37551232e+01,   1.33795763e+01, 
              9.26199173e+00,   2.40446196e+01,   2.86494659e+00,   2.20088504e+00,   2.48649622e+01, 
              3.15958653e+01,  -2.43965711e+00,   3.95034844e+01,   3.83185632e+01,   1.49827563e-01, 
              2.93695899e+01,   3.67192517e+01,   1.14563694e+01,   2.86686543e+01,   3.42985335e+01, 
              2.40464738e+01,   8.51686916e+00,   2.54278460e+00,   2.02923604e+01,   2.03091270e+01, 
              4.47324310e+00,   1.11905840e+01,   1.28835742e+01,  -8.24358569e+00,   2.47830061e+01, 
              1.87041646e+00,  -6.29527663e+00,   1.81447556e+01,  -3.49473801e+00,   8.54316313e+00, 
              1.52093425e+01,   9.08789787e+00,   1.66058705e+01,   7.32351277e+00,   2.44838214e+00, 
              1.92223953e+01,   2.05720799e+01,  -1.04517235e+01,   1.75961820e+01,   1.06692752e+01, 
             -4.40229583e+00,   1.36614691e+01,   2.10477491e+01,   1.40384109e-01,   1.31917030e+01, 
              4.98094030e+00,   1.08290070e+01,   2.37818291e+01,  -1.57447219e+00,  -9.45962006e+00, 
              3.08880902e+01,   1.58001718e+01,   2.35064170e+01,   6.69242422e+00,   1.46920789e+01, 
              1.28237185e+01,   8.05804218e+00,   1.64007501e+01,   1.91331267e+01,   5.87618625e+00, 
              1.14553651e+01,   1.38384048e+01,   1.09218021e+00,   1.25152496e+01,   2.47614035e+01, 
             -3.01834326e+00,   2.28437225e+01,   1.44501509e+01,   2.39200377e+01,   2.37946519e+01, 
              1.23093381e+01,   2.00120659e+01,   4.26046627e+00,   1.35659733e+01,   1.37619878e+01, 
              1.62424968e+01,  -1.77521530e+00,   1.53000194e+01,   1.44910435e+01,   2.07955177e+01, 
              2.69582457e+01,   1.82155392e+01,   6.86968791e+00,   1.01767280e+01,   2.26987248e+01, 
              5.85614049e+00,   2.84545423e+01,   1.07283751e+01,   1.99346324e+01,  -9.39300071e+00, 
              2.03383828e+01,   3.24821094e+01,   1.98097475e+01,   1.98630346e+01,   1.58816463e+01, 
             -1.46731367e+00,   1.20956253e+00,   2.15785429e+01,   7.97775113e+00,   2.60600339e+01, 
              1.51305035e+01,   3.24920001e+00,   1.69702354e+01,   2.35975482e+01,   1.61476173e+01, 
              6.12752480e+00,   4.14223890e+01,  -8.27338779e-01,   1.79821575e+01,   1.79966755e+01, 
              2.03604332e+01,   3.42514046e+01,   2.80835728e+01,   2.32305368e+01,   1.89290799e+01, 
              2.41126166e+01,   4.00727749e+01,  -3.99408003e+00,   2.54032600e+01,   2.17173038e+01, 
              1.37766452e+01,   2.14267149e+01,   3.35704274e+01,   2.76444053e+01,  -8.46366385e+00, 
             -4.48457160e+00,   3.10383122e+01,   1.06004647e+01,  -5.72893048e+00,   2.91119091e+01, 
              2.13142275e+01,  -5.78497403e+00,   4.06723040e+01,  -3.22148083e-01,   3.57343128e+00, 
              2.01210393e+01,  -1.42819282e+01,   2.93654729e+01,   2.92883823e+01,  -1.58970268e+00, 
              7.18705651e+00,   4.02961410e+01,   5.12041629e+00,   2.06457181e+01,   1.87760764e+01, 
              3.88490742e+00,   1.88965449e+01,   1.71147484e+01,  -1.01318435e+01,   3.73202451e+01, 
              2.04335612e+01,   9.67084807e+00,   2.12850903e+01,   3.78691065e+01,  -6.92550144e-01, 
              2.45575015e+01,   2.74773610e+01,   4.39620543e+00,   3.41077017e+01,   2.55640590e+01, 
              1.25610156e+01,  -1.61984341e+00,   1.84780891e+01,  -6.29569731e+00,  -2.75268625e+00, 
              2.59999869e+01,   4.12107616e+00,   5.79589710e+00,   3.49205841e+01,   2.93540816e+01, 
              1.08416037e+01,   1.40658002e+01,   2.88824244e+01,   2.00159270e+01,   8.69266097e+00, 
              1.21921833e+01,   2.40914225e+01,   3.00525043e+01,   1.35644194e+01,   2.27083333e+01, 
              2.24791974e+01,  -1.08367747e+00,   9.79053470e+00,   1.45757424e+01,   1.85234473e+01, 
              1.80907605e+01,   2.78293985e+01,   1.02035569e+00,   3.23487592e+01,   2.51559241e+01, 
              1.21378616e+01,   2.97814062e+01,   3.73106835e+01,   9.36694724e+00,   2.55768939e+01, 
              2.51672937e+01,   3.37849404e+01,  -4.38397777e+00,   1.59393496e+01,   3.26737945e+01, 
              1.17917092e+00,   4.08140899e+01,   2.05288298e+01,   7.95989330e+00,   3.21893779e+01, 
              1.44512534e+01,  -5.82236731e+00,   2.40471614e+01,   1.56951173e+01,   1.75795689e+01, 
              1.63124339e+01,   3.96817383e+01,   1.23807834e+01,   1.87726792e+01,   3.27099592e+01, 
              3.01479787e+01,   2.64430398e+01,   2.30749962e+01,   9.71277102e+00,   2.65388725e+01, 
              2.62259782e+01,   1.71699888e+01,   2.18697406e+01,   3.07053265e+01,   2.72527207e+01, 
              2.26214704e+01,   4.22604176e+01,   2.44596697e+01,   2.41768785e+01,   1.90592118e+01, 
              3.36325772e+01 ]
         </q>
         <p shape='(4, 324)'>
          [   9.32467491e-01,  -1.90356071e+00,   2.67288387e-01,   1.43957804e+00,   1.32707375e+00, 
              1.10872729e+00,   6.82039870e-02,  -1.08890535e-01,   7.34331063e-02,  -9.26762476e-01, 
              4.08854084e+00,   4.48372389e-01,   1.41032004e+00,   2.53048144e+00,   7.90579066e-01, 
             -9.83464829e-01,   4.24565637e-02,  -2.79668895e-01,   8.97682071e-01,   1.23054546e+00, 
             -1.12497389e-01,   2.13328649e+00,  -1.10780377e+00,   7.01588301e-01,   2.09804606e-01, 
              4.03758284e-01,   1.64158553e+00,  -4.38741872e-01,   9.99353654e-01,  -1.06500708e+00, 
              3.44828176e-01,   3.76501754e-01,   1.44591643e+00,  -8.47771099e-01,   2.12516251e+00, 
             -1.01168303e+00,   7.55966241e-01,  -3.66590882e-01,  -6.04091460e-02,   5.62837720e-01, 
              1.32372365e+00,   1.02718960e+00,  -1.81104352e-01,   6.12545078e-01,   6.52395017e-01, 
             -1.92776765e+00,  -5.83483394e-01,   3.35866823e-01,  -1.69873630e+00,  -9.91459996e-01, 
              1.88731166e+00,   5.28006870e-02,   1.83955427e+00,   5.61869426e-01,  -1.00236018e+00, 
             -1.19892798e+00,   9.78967290e-01,   7.13074804e-02,  -6.85454581e-01,   1.23336381e-01, 
             -9.79902578e-01,  -1.54407933e+00,   1.89370469e-01,   1.34597985e+00,   5.89798347e-01, 
              5.56719574e-01,  -9.35339927e-01,   7.20115262e-01,   1.40891161e+00,   1.11632040e+00, 
              1.82764125e+00,  -4.04121625e-01,   1.74191533e+00,   1.19313545e+00,   1.37449820e+00, 
              5.71256953e-01,  -8.95820866e-01,  -2.35329677e+00,   3.19109621e-01,  -4.16374071e-01, 
             -1.65058979e+00,   5.35728595e-01,  -1.25053176e+00,  -8.32461420e-01,   1.98324381e+00, 
              2.07684308e+00,   3.56520822e-01,   8.68373791e-01,   2.65398407e+00,  -2.45217116e+00, 
             -1.28769413e+00,  -2.01019111e-01,  -1.47761813e+00,  -1.03047940e+00,  -3.19743697e-02, 
              2.44000145e-01,  -1.13451483e+00,  -1.16591737e+00,   2.69461679e+00,   9.49700476e-01, 
             -1.36599498e+00,   5.69356585e-01,  -8.14813015e-01,  -1.01687159e+00,  -9.63350105e-02, 
              7.75840442e-01,  -5.52846257e-01,  -9.29865816e-01,   2.16371327e-01,  -2.25633434e+00, 
              1.69074401e+00,  -1.40979241e+00,   1.02654828e+00,   9.72701203e-01,   5.19596633e-01, 
              5.77388714e-01,   4.86192310e-01,   1.08351224e+00,  -3.57748644e-01,   1.06930880e+00, 
             -6.39663624e-02,  -1.25276301e+00,   1.13637986e+00,  -1.56155705e+00,   1.16366492e+00, 
             -8.54079425e-01,   7.48869655e-01,  -1.19740869e+00,  -2.84431323e+00,   1.71794468e+00, 
             -1.03752254e+00,  -1.60098379e+00,   1.14562497e+00,  -1.29590442e+00,   2.40138397e+00, 
              4.06435213e-01,  -1.06303263e+00,  -5.66309025e-01,  -1.29136140e+00,   2.15159309e-01, 
             -1.19238711e+00,   8.21225844e-01,  -1.86518026e+00,  -1.49399438e+00,   1.17232082e+00, 
             -2.22023909e+00,   1.41627550e+00,  -4.35666412e-01,   6.77794476e-01,  -1.96065700e+00, 
              1.43955962e+00,   4.05067525e-01,  -2.37039091e+00,  -1.42020285e+00,   1.40954406e+00, 
             -5.22800508e-01,   1.68043941e+00,  -1.41461315e+00,   1.34131502e-01,  -6.69781414e-01, 
             -1.79606239e+00,  -1.68023960e+00,  -1.25617456e+00,   1.63699469e+00,  -1.81990115e+00, 
             -5.99186759e-01,  -5.86499851e-01,   3.40883178e-01,  -6.47861415e-01,   7.00671742e-02, 
             -4.82308467e-01,   2.15648753e-01,  -7.64110995e-01,  -8.59489629e-01,   1.76614878e+00, 
             -7.96280125e-01,  -3.50779900e-01,   8.82189811e-01,  -2.06189700e+00,   1.06138983e+00, 
              9.23811889e-01,  -1.41245208e+00,  -3.87119924e-02,  -2.60210515e+00,   1.90877879e-02, 
              1.63314070e+00,   2.29908365e+00,   3.37795333e-01,  -7.65473806e-01,  -2.02209921e+00, 
             -2.24580788e+00,   2.55992512e+00,   2.17611498e+00,  -3.29507154e-01,   9.46363555e-01, 
             -1.14191936e+00,   7.76253890e-01,   1.03027559e+00,   5.03636890e-01,   1.03561242e+00, 
             -4.42344271e-01,   2.64682371e+00,  -3.08360370e-01,  -2.72646684e-01,   1.07419471e+00, 
             -6.85738474e-02,  -1.95091795e-01,  -1.64253974e+00,  -1.32672669e+00,  -1.62204504e+00, 
              1.29028065e+00,   1.10927636e+00,   4.18677032e-01,   2.05482103e-01,   4.32280624e-01, 
              7.23815872e-01,  -8.94661196e-01,   7.21423864e-01,  -1.95693531e-01,   1.27286256e+00, 
             -1.76687414e-01,   5.04882421e-01,  -1.56639097e+00,  -3.79741987e-01,   2.05751558e-01, 
              1.31654411e+00,   6.43918278e-01,   4.34132365e-01,   6.87889550e-02,   3.80880728e-01, 
              1.96155569e+00,  -1.18233331e+00,  -1.34507177e-01,  -3.51754286e-01,  -6.51576371e-01, 
             -3.71542211e-01,   1.04562654e+00,  -8.07214840e-01,   3.99190799e-01,   8.12599902e-02, 
              8.14756269e-01,   1.06210636e-01,  -1.25842103e+00,   2.73841240e+00,   2.81839303e+00, 
              1.34323863e+00,  -2.32864690e+00,  -2.30280641e+00,  -3.26831753e+00,   1.85535063e+00, 
             -3.50851937e+00,   1.34808926e+00,   4.07748032e-01,   5.26473469e-01,   1.96988549e+00, 
             -1.70227813e+00,   1.03314790e-01,  -1.22290598e+00,   7.10031502e-01,   8.48974954e-01, 
             -1.95582204e+00,   1.20251370e+00,   3.84261800e-02,   1.70445985e-01,   9.65441666e-01, 
             -1.16938347e+00,   3.66854285e-03,   1.50124842e+00,  -9.86600658e-01,  -2.10102627e-01, 
             -6.09792098e-01,  -1.19219881e+00,  -5.96208358e-01,  -2.54678327e+00,   1.13567092e+00, 
              4.09381054e-01,   2.01549582e-01,   3.99905979e-01,   1.79974414e+00,   1.69237117e+00, 
             -3.96647617e-01,   3.81816006e-01,  -2.03646274e+00,  -1.46901248e+00,   2.00450339e+00, 
              1.04059093e+00,  -7.92069017e-01,  -1.10032077e+00,  -6.02585097e-01,   2.02238353e+00, 
              1.02998344e-01,   5.73446460e-01,  -1.76736718e+00,  -1.17794008e-01,  -1.84074373e+00, 
             -1.09088839e+00,   1.92568218e-02,   9.64886282e-01,  -7.32648482e-01,  -1.80258265e+00, 
              2.89359592e+00,   1.23763434e+00,  -1.57083118e+00,  -7.67230006e-01,   6.73253663e-01, 
             -1.68892446e+00,   3.58709048e-01,   2.87991563e-01,  -2.07429153e+00,  -4.42440637e-01, 
              1.28518117e+00,  -3.78668498e-01,  -7.54407454e-02,   1.06672865e+00,  -5.56141191e-01, 
             -1.19614229e+00,   2.04134240e+00,  -6.53978595e-01,   6.91567320e-01,  -1.37142075e-01, 
             -1.02402231e+00,  -1.48321513e+00,  -1.50824275e+00,   2.63134588e+00,  -1.42634828e+00, 
              9.16177631e-01,  -5.59634060e-01,  -1.45776654e+00,  -5.30624926e-01,  -2.22497133e+00, 
              6.79838777e-01,  -9.38237985e-01,   2.73475249e-01,   6.25092100e-01,  -3.20679384e+00, 
             -1.84558640e+00,  -1.13585950e+00,   2.49677867e-01,  -9.99526310e-01,   1.34079328e-01, 
             -2.34557865e-01,  -3.82479706e-01,  -6.99095848e-01,   2.46311324e-01,   2.54896758e-01, 
             -3.84396076e-01,   9.78825537e-01,  -2.20656321e+00,  -9.97872985e-01,   7.50751684e-01, 
             -1.42053136e+00,   2.88350493e+00,  -1.55876160e+00,   1.80078237e+00,  -9.11648047e-01, 
             -9.03191112e-01,  -1.73034505e+00,  -1.02015732e+00,   4.34042330e+00,   1.91668269e-01, 
             -2.04824017e+00,   1.16275156e+00,  -1.00079265e+00,   5.86087156e-01,   1.13895342e-01, 
             -3.87283825e-01,   4.54514707e-01,  -2.97561944e+00,  -9.12347260e-01,   1.16246739e+00, 
             -6.48987945e-01,   6.19050132e-01,  -1.83585082e+00,   3.95348744e-02,   4.05713424e-01, 
             -4.67760994e-01,   1.20329096e+00,   1.63440121e-01,   1.58223900e+00,  -4.17199058e-01, 
              1.52778810e+00,   9.59427711e-01,   6.27177712e-02,   1.51657950e+00,   1.92823680e+00, 
             -2.57484326e+00,  -3.03369810e+00,  -1.47293113e-01,   5.21531695e-01,  -9.63929848e-02, 
             -1.08716117e+00,  -5.99660545e-01,  -8.42895121e-01,  -2.01809444e+00,  -1.42436729e+00, 
              4.41644223e-01,  -8.35545307e-02,  -1.69705911e-01,  -2.70412429e-01,  -2.11901390e+00, 
              5.34991870e-01,   1.43840999e+00,   2.39985782e+00,  -1.39069221e+00,  -1.76309213e+00, 
             -2.08106829e+00,   4.31802828e-01,  -2.30913065e+00,  -1.51191687e-01,   1.22764318e-01, 
              2.22640608e+00,  -1.26160833e+00,   2.76517276e+00,   2.66954669e-01,  -5.50776833e-01, 
              5.83321204e-01,   9.68222999e-02,   5.09496430e-01,   1.83326981e+00,  -2.80023484e+00, 
             -3.62265013e-01,  -5.76084515e-01,   2.05949662e-01,  -3.78986554e+00,  -1.75791634e+00, 
              1.65147672e+00,   1.92681933e+00,  -2.32507027e+00,  -1.56407261e+00,   2.67904759e-01, 
              1.75413215e+00,   2.86667800e-01,  -9.45205843e-01,  -1.64774026e+00,   6.92436063e-01, 
              6.44467882e-01,  -8.65969719e-01,   4.31107471e-01,  -1.50133807e+00,   1.67688114e-01, 
             -2.86502422e-01,   1.05262762e+00,  -1.42360302e+00,  -3.66996666e-01,  -1.08102039e+00, 
             -2.10418644e-01,   9.97453286e-01,  -9.37254572e-01,   9.66742932e-01,  -1.61927023e+00, 
             -1.88053169e-01,  -1.57045091e+00,   8.66994137e-01,  -8.07345562e-01,  -1.17633853e+00, 
              1.52091841e+00,   8.86807912e-01,  -3.15905617e+00,   6.05000866e-01,   7.19492581e-01, 
             -7.20424708e-01,  -4.08247535e-02,   7.74591977e-01,   1.38421514e-01,  -1.82913409e+00, 
              1.02263459e+00,   4.97041015e-01,  -6.26281781e-01,   6.43050059e-01,   6.01415243e-01, 
             -2.64565779e-01,  -2.09667837e+00,  -1.97804780e-01,  -2.76118780e-01,   5.87873122e-01, 
              5.57428617e-01,   5.90667312e-01,  -2.66586312e+00,   1.64621439e-01,   4.00315225e-01, 
              1.98516197e+00,  -2.01860403e-01,  -8.90706157e-01,  -2.16255363e+00,  -5.35168001e-01, 
             -8.35274095e-01,   2.57655106e-01,  -6.31352596e-01,  -1.46685050e+00,  -1.19842989e+00, 
              1.88531896e+00,  -2.04281366e+00,  -5.50321060e-01,  -1.22535154e+00,   1.59659007e+00, 
             -1.57610789e+00,   2.76105578e-01,  -1.92211499e+00,   7.15617387e-01,   2.45108008e-01, 
              9.52948871e-01,   5.35126791e-01,   1.49492862e+00,   1.91072352e+00,  -1.82102491e+00, 
              1.23488857e+00,  -3.28423299e-01,  -2.11948922e-01,   5.37004396e-01,  -1.99149506e+00, 
              1.19325716e+00,  -5.64230289e-01,   9.23665272e-01,   1.51650963e+00,   4.16103762e-01, 
             -4.27908188e-01,  -1.27920459e+00,  -1.24997353e+00,   8.18421418e-01,  -1.73178428e+00, 
              1.76386169e+00,   7.27372095e-01,  -2.10956830e+00,  -2.06988388e-01,  -2.79404668e-02, 
              7.91516654e-01,   1.08002983e+00,  -3.59140080e-01,   1.09228326e+00,   3.74170660e-01, 
              3.94052144e-01,  -3.72410897e-01,  -9.83733447e-01,   1.15640486e+00,   1.73923585e+00, 
              1.01012352e+00,   8.52909611e-01,   1.18726008e+00,   1.27741451e+00,   1.06300164e+00, 
             -9.32106315e-01,  -8.07949142e-01,  -1.78497317e+00,   1.13630943e+00,  -3.60638512e-01, 
             -3.79360367e-01,   3.30265549e-01,   1.83987652e+00,   5.42416792e-01,  -1.35150463e+00, 
              2.70871655e+00,  -4.03910423e-01,  -8.49024977e-01,   6.96090322e-01,  -1.30046636e+00, 
             -5.35678817e-01,   4.78592941e-01,  -1.81922131e-01,  -3.07618387e-01,   2.49859940e+00, 
             -8.02594678e-01,  -1.37141463e+00,   2.09304927e+00,  -1.55689572e+00,   7.16093029e-01, 
             -6.68886968e-01,   1.09449725e+00,  -4.03592006e-01,   3.08322220e-01,  -2.92665254e-01, 
              1.55467152e+00,  -1.40230152e-01,  -3.36103975e-01,   8.01083607e-01,   3.85626902e-01, 
              1.00125452e+00,   1.50256775e-01,  -9.18363506e-01,  -6.00787054e-01,  -7.71311116e-02, 
             -1.01899560e+00,  -1.10953736e+00,  -2.31129439e-01,  -1.18166811e+00,  -1.21797846e-01, 
             -3.93903754e-01,  -1.40195280e+00,  -9.11993607e-01,   6.05719109e-01,  -1.50718581e+00, 
             -9.06091993e-01,  -2.36884283e+00,  -1.64820162e+00,   4.95160741e-01,   1.15090996e+00, 
             -1.27512594e+00,  -5.71829717e-01,  -4.77752305e-01,   1.27192266e+00,  -2.56321508e-01, 
             -2.73833151e-02,   1.83019430e+00,   1.77745425e+00,   6.61611429e-01,  -2.31137826e+00, 
             -4.91281132e-01,  -2.41216207e-01,  -7.00046968e-01,   1.94283505e+00,  -2.41254213e+00, 
             -1.11675023e+00,   2.33555408e+00,  -8.84915506e-01,   2.05149777e+00,   2.84992540e-01, 
              7.76444042e-01,  -1.01162891e+00,   2.41796457e+00,   1.89938751e+00,  -1.34831349e+00, 
             -1.02861605e+00,   1.31226836e+00,   1.08591359e+00,   8.69883253e-02,   2.32852058e+00, 
             -8.91576182e-01,   1.00586510e-01,   1.17829603e-01,   1.75918919e+00,   1.21370556e+00, 
              1.76425179e+00,   2.20933623e+00,   8.52630379e-01,   1.28633572e+00,   7.60977427e-02, 
             -3.17809269e-02,  -8.43405522e-01,   9.20398403e-01,  -6.43281371e-01,   1.88634454e+00, 
              8.90721479e-01,   2.51101610e+00,  -1.83951168e+00,   9.43300791e-01,   4.07128795e-01, 
             -1.17249578e+00,   1.03296654e+00,   4.71935650e-01,  -1.30794715e+00,  -8.64803872e-01, 
              3.62351565e+00,  -1.91292805e+00,  -7.83217287e-01,   3.72678912e-01,  -5.21743787e-01, 
              2.55228377e+00,   1.77324307e+00,  -2.95467002e+00,   2.11078254e+00,  -5.12347622e-01, 
              6.62074916e-01,   1.60660865e+00,  -3.83824269e-01,  -3.75068305e-02,   2.12648478e+00, 
              4.06288939e-01,  -8.47578890e-01,  -1.34579665e+00,  -1.04338952e+00,  -4.72056623e-01, 
              8.61717738e-01,  -1.87948946e+00,  -4.41069908e-01,   3.46252482e-01,  -1.25393732e-01, 
             -1.36894530e+00,  -9.55930043e-01,   2.35009218e+00,  -5.81403933e-01,   1.84843050e-01, 
             -3.97311505e-01,  -8.66120730e-01,   2.02637253e+00,  -1.59790764e+00,   7.28076364e-01, 
              7.58791824e-02,   2.21528090e+00,   3.87454995e+00,  -2.85917860e+00,   7.82935293e-03, 
             -1.60160810e+00,   3.43484111e-01,   1.16472826e-01,   1.59773285e+00,  -2.36902050e+00, 
             -2.25476402e+00,   2.99061597e-01,  -1.25477297e+00,  -9.25468246e-01,  -2.05029469e-01, 
              7.12000240e-01,  -1.67990847e-01,  -2.45214127e-01,   2.45749586e-01,  -1.98683672e+00, 
             -2.21556229e-01,   7.81554474e-01,   1.35458223e+00,   1.57922389e+00,  -1.84730475e+00, 
             -1.43354967e+00,  -1.24989048e+00,   2.25948032e+00,  -1.05668283e+00,  -6.48144028e-01, 
             -9.47406086e-01,   9.10236666e-01,  -6.85301427e-01,  -3.02066500e-01,   2.85081380e-01, 
              1.18399538e+00,  -1.14535824e+00,  -6.66672934e-01,  -1.60691063e+00,   1.03603516e+00, 
              1.37515842e+00,   9.08354848e-01,  -3.47227644e-01,   8.06804839e-01,   1.62651500e+00, 
             -1.55515885e-01,  -7.80244615e-01,  -1.96201104e+00,   9.38838318e-01,  -4.03405949e-02, 
             -1.26724547e-01,  -1.25026789e+00,  -1.03435690e+00,  -4.98275098e-01,  -7.09843591e-01, 
             -1.85592479e-01,  -1.70825808e+00,  -7.00989231e-01,  -1.54377703e+00,   3.85791789e-01, 
              2.25574682e+00,  -9.56325459e-01,   4.24120070e-01,   3.55225908e-01,  -1.90873261e+00, 
             -9.84332951e-01,  -1.45189239e+00,   1.40041552e+00,   1.16136654e+00,  -2.10010979e+00, 
              2.03661507e+00,  -1.14377154e+00,   2.05999754e+00,   3.75014969e+00,  -1.03229659e+00, 
             -1.58696634e+00,   1.82482936e+00,   2.32972604e+00,   2.20050926e+00,  -1.27452596e+00, 
             -1.89390308e+00,  -2.75987209e-01,  -5.84290026e-01,  -1.05854481e+00,  -8.38389707e-01, 
             -1.22060496e+00,  -1.11591987e+00,   2.59238007e+00,  -3.40388775e-01,  -1.21414025e-01, 
             -4.92003935e-01,   1.01529381e+00,  -1.59757867e+00,   5.76424279e-01,  -3.56578999e-01, 
             -2.54892373e-01,   5.97291932e-01,  -1.34127653e+00,   4.31556948e-01,   9.61488941e-02, 
              2.56195501e+00,   5.41742894e-01,  -1.13055033e+00,  -4.06840599e-01,  -1.60073150e+00, 
             -9.82396011e-01,  -9.05928078e-01,  -1.69931412e+00,  -3.33604684e-01,  -3.97973568e-01, 
             -2.27530412e-01,  -1.06716368e-01,   6.33668245e-01,   1.42562278e+00,   9.48564994e-01, 
              2.22193568e+00,   3.41474728e+00,   1.52653932e+00,   1.03643249e+00,  -2.63983003e-01, 
             -3.11467134e-01,  -1.32717926e+00,  -3.33826246e-01,  -8.16049532e-01,   1.75661141e+00, 
              7.78055189e-01,   9.95707022e-01,   4.66916055e-01,   1.89347217e-01,  -7.76170415e-01, 
              1.01478728e+00,  -2.82367751e+00,  -2.78383202e-01,  -3.65478617e+00,   5.64618318e-01, 
              1.92820199e+00,   1.62400396e+00,  -1.78954483e-01,   1.06074093e+00,  -1.01415303e+00, 
              9.25495515e-01,   1.34113548e-01,  -1.16108706e-01,  -1.11884353e+00,   1.82856129e+00, 
              6.08865902e-01,  -2.72255973e-01,   4.41189141e-01,   6.07849087e-01,   1.10718343e+00, 
             -1.55668790e+00,   2.78855050e+00,   3.14687602e+00,   9.78716733e-01,  -8.73059365e-01, 
             -8.69626151e-01,  -1.33904721e-01,   9.55577500e-02,  -1.50141052e-01,  -2.01820501e+00, 
              1.10386805e+00,  -1.42429330e-01,   1.33235377e+00,   5.97760291e-01,   5.84549625e-01, 
              1.52095250e-01,  -3.80630697e-01,  -2.27046142e-01,   2.73793273e+00,  -9.32065940e-01, 
              1.59102397e+00,  -4.50788732e-02,  -1.97526958e+00,  -1.84813112e+00,  -5.46242155e-01, 
              1.62280697e+00,  -5.85495386e-01,  -5.64269480e-02,   3.02846228e+00,  -2.13740644e+00, 
              6.43026255e-03,   1.31564077e+00,   1.70422851e+00,  -1.25145148e+00,  -1.00610165e+00, 
              2.00092246e+00,  -4.12116625e-01,   2.11570524e+00,   2.83315775e+00,  -8.51533156e-02, 
              1.48412561e+00,  -1.27172860e+00,  -1.80588939e-01,  -1.62508127e+00,   1.19506772e+00, 
              8.24357391e-01,  -1.32510996e+00,   1.90016569e+00,  -9.88596017e-01,   6.07853450e-01, 
              1.52329230e+00,  -7.15043626e-01,  -1.03283418e+00,  -1.09408562e+00,  -1.74638594e+00, 
             -1.39473703e+00,   6.26621464e-01,   7.67581701e-02,   2.71578389e-01,  -2.33462875e+00, 
             -1.92633520e-01,   1.09331517e+00,  -1.49626977e+00,   9.71775441e-01,   1.65801251e-01, 
              5.29328316e-01,   1.11820111e+00,   2.18937882e+00,  -1.56147110e+00,   8.71149714e-01, 
              5.05541821e-01,  -5.55117220e-01,  -6.31046532e-01,   1.18942647e+00,   3.04891249e-01, 
              2.65823845e+00,  -4.10080263e-01,  -1.82237747e-01,  -2.84089634e+00,  -4.57908263e-01, 
              3.23262798e+00,  -1.48703148e+00,  -2.52759775e+00,   2.74327631e+00,   1.95873546e+00, 
             -6.21808351e-01,  -3.62224418e-01,   1.75273326e+00,   9.69706684e-01,  -8.75370829e-01, 
              1.30758878e+00,   1.46899763e+00,  -9.40532633e-01,   6.06768184e-01,   1.96355694e-01, 
             -1.72271532e+00,  -9.31949997e-01,   1.13900421e+00,   2.20621257e+00,  -1.75433790e+00, 
              1.08861153e+00,   5.92518464e-01,  -1.29602851e+00,  -1.60067304e+00,  -1.06496960e+00, 
             -1.91501797e+00,  -3.21175783e+00,   1.02688795e+00,   7.72472237e-02,  -1.16600938e-01, 
              3.98370148e-01,   1.26442461e+00,   7.16139750e-01,  -1.25806073e+00,   7.89316920e-01, 
              1.98319230e+00,   1.35865225e+00,  -5.16684484e-01,  -1.33265795e+00,  -8.66554644e-03, 
             -1.60332664e+00,  -8.50379343e-01,  -1.02960072e+00,  -9.00676023e-01,  -3.02516532e+00, 
              2.12136885e+00,  -2.96508693e+00,  -1.73318461e-01,  -1.32855724e-01,   1.10620693e+00, 
             -1.93281550e+00,   1.03859223e+00,  -2.13060435e-01,  -1.67661193e-01,   7.28298138e-01, 
             -7.86887430e-01,  -8.59731481e-02,  -7.50278348e-02,  -1.45705155e+00,  -1.20352706e+00, 
              1.19517368e+00,  -1.25948567e+00,  -3.48627936e-01,   4.46979264e-01,   2.29932759e-01, 
              1.61027333e+00,   1.42371785e+00,  -7.78228856e-01,  -3.99935407e-01,  -2.22499400e+00, 
             -7.43958612e-01,   9.64496769e-01,  -1.03508036e+00,   2.11797290e+00,   8.68442860e-01, 
              2.02992206e+00,   1.35555016e+00,   1.00719542e+00,  -9.16736059e-01,   4.55026740e-01, 
              9.31613691e-01,  -5.80952868e-01,  -1.99068509e+00,  -1.61214054e+00,   6.05403598e-01, 
              5.81488525e-01,   1.49380514e+00,  -4.64584686e-01,   1.97835501e+00,  -1.23663541e+00, 
              2.38737302e+00,  -2.53032904e+00,   9.13226346e-01,   2.39021613e+00,  -3.62252218e-01, 
             -8.55907122e-02,   2.29205592e+00,  -5.33864618e-01,   1.15579459e+00,   1.47451602e-01, 
              8.67271703e-01,   2.14416395e+00,   4.94008136e-01,   1.36263404e+00,   1.56116078e-01, 
             -2.14512567e-02,  -1.52049567e+00,   2.12051204e+00,  -2.67322514e-01,   6.42807541e-01, 
             -1.94049446e+00,  -2.77782717e+00,  -1.76103835e+00,  -2.92059881e-01,   1.28157615e-01, 
             -2.71722522e+00,   5.93934065e-01,   1.66997343e+00,  -6.19529106e-02,  -9.71581834e-02, 
              6.50205020e-01,  -1.62735088e+00,   9.23899255e-01,   9.46235861e-01,   8.96662072e-01, 
             -1.85162044e-01,   1.65312902e+00,   8.37899291e-01,   5.15434228e-02,  -4.57814026e-01, 
              9.36976583e-01,   2.21318745e+00,  -1.90098210e+00,   1.59369617e+00,  -6.32946392e-01, 
              5.95337444e-01,   1.94359372e-01,  -1.65692680e+00,  -2.24189380e+00,   1.18672835e+00, 
             -1.26379808e+00,  -9.40367845e-01,   1.53566584e+00,  -8.73485055e-01,  -1.09179451e+00, 
             -3.63842233e-01,   5.26707672e-02,   5.72680736e-01,   1.44151134e-01,   8.25870065e-01, 
             -7.57462599e-01,   5.09217300e-01,   1.42442986e+00,   1.16040861e+00,  -1.98824751e-01, 
              1.91755593e-01,  -1.68179894e+00,   2.88118001e-01,  -2.74590077e-01,  -3.02647942e+00, 
             -1.60962923e+00,   3.32419881e+00,   8.03616526e-01,  -1.56461964e+00,  -6.89044070e-01, 
             -1.45573778e+00,   8.32589327e-01,   3.19247680e-01,  -1.71139331e-01,   7.81634732e-03, 
              1.31047778e+00,   8.37491744e-01,  -1.43469023e+00,   9.23234378e-01,  -2.90084624e-01, 
             -1.44230350e-01,   2.51434201e+00,   1.39300559e+00,  -2.77407250e-01,  -9.68695027e-01, 
              1.55438082e+00,   8.04774210e-01,   1.12381366e-01,   9.54001566e-01,   4.83663967e-01, 
             -1.74716309e+00,  -8.85040910e-01,   1.20258716e+00,  -1.08554649e-01,   7.40384048e-02, 
             -8.00876595e-01,   1.74883714e+00,  -3.50798290e-01,  -7.51792515e-01,   1.30024790e+00, 
             -9.35982033e-01,  -8.60591279e-01,  -2.46744745e+00,   2.87387785e+00,   5.96000245e-01, 
              2.20415423e+00,   4.51235235e-01,  -7.23026986e-01,   4.58178994e-01,  -8.44750315e-01, 
             -6.60514306e-01,   7.62502064e-01,  -5.90339608e-02,   6.83485159e-01,  -2.28430380e+00, 
             -2.72144636e+00,  -2.87072664e+00,  -1.13866675e+00,   1.81006519e+00,  -1.59019489e+00, 
              2.35761674e+00,   5.38042365e-01,  -1.12832290e-02,   5.71779618e-01,  -6.67981753e-01, 
             -1.78218374e-01,   2.70973528e-01,  -2.42329293e-01,  -1.92609494e-01,   7.52928417e-03, 
              2.16237026e-01,   2.29327822e+00,   3.82346449e-02,   1.33610264e+00,  -2.42562591e+00, 
             -1.79584030e-01,   6.60763790e-01,   6.53897820e-01,  -4.72052007e-01,   7.42971265e-01, 
              1.04115932e+00,  -1.03831794e-01,   3.14062664e-01,   8.32438072e-01,  -2.76698415e-01, 
             -8.54582297e-01,   2.41510236e+00,  -1.55805437e+00,  -8.33556504e-02,  -1.62184912e+00, 
              3.75086768e-01,  -2.23642963e+00,   1.29657688e+00,  -1.84251441e+00,   2.01784951e+00, 
              8.42265609e-01,   8.82248140e-01,   2.67785614e-01,  -2.62370231e-01,   2.17725797e-01, 
             -1.95969847e+00,   1.07028384e+00,  -8.10459240e-01,  -1.36885858e-01,  -4.45394205e-01, 
              1.04660342e+00,   1.19111860e-01,  -2.15457501e+00,   2.31284777e+00,   4.76583690e-01, 
             -4.12628398e-01,  -3.09047194e+00,   1.09549896e+00,   6.40207001e-02,  -1.82849362e+00, 
              1.34798546e+00,  -1.53847899e-01,  -4.24079605e-01,  -1.85560647e-01,  -2.37921820e+00, 
             -1.93927129e+00,  -3.38424753e-01,   1.10962252e+00,  -3.21803341e-01,   1.95196661e+00, 
              1.39913353e+00,   2.11350202e+00,   2.35908524e+00,   1.32586149e-01,  -3.66430712e-01, 
              2.23985175e+00,   9.97080902e-01,   2.63147665e-01,   3.90928177e-01,  -1.58888930e-01, 
             -9.23480310e-01,   1.42628784e+00,  -2.60649080e+00,   8.22412799e-01,  -3.22755851e-01, 
              1.61367741e+00,   2.37004153e+00,  -1.49300399e+00,   2.96219988e-01,  -1.42737588e+00, 
             -4.92938154e-01,  -9.36028863e-02,  -2.33008370e+00,  -2.78017138e+00,  -6.92778002e-01, 
             -6.16461353e-01,  -1.07587377e+00,   1.96512639e-01,   1.22611935e+00,   5.30985474e-01, 
             -2.06861220e+00,  -1.40173113e+00,  -5.93128772e-01,   2.92689201e+00,   6.19293138e-02, 
             -3.00144614e+00,  -5.36565015e-01,   2.61002054e-01,   1.00637921e+00,   1.37210123e-01, 
              6.82223103e-01,  -1.76438353e+00,   5.15451546e-01,  -4.76279775e-01,  -1.60917813e+00, 
              4.93663399e-01,  -2.10017471e+00,  -3.71071618e-01,   1.03098619e+00,  -5.46955073e-03, 
             -6.69126110e-01,   1.74200091e+00,  -2.74689666e-01,  -1.82594942e-01,   3.38211517e+00, 
              1.80154871e-01,  -1.16357521e+00,  -7.40239500e-01,   3.20948140e-01,  -1.68050030e+00, 
              1.48866771e+00,  -6.47917538e-01,  -9.60673263e-02,  -4.92900547e-01,  -2.95248955e+00, 
             -1.01579081e+00,  -2.43835895e-01,   1.54573399e+00,   2.32894570e-01,  -3.44179914e-01, 
              4.29589765e-01,   1.05464114e+00,   1.52620309e-01,   1.05441343e+00,  -2.79476273e-01, 
              1.52144055e+00,   1.59209824e-01,  -1.40990026e-02,   5.87117051e-01,   1.22961283e+00, 
              3.67538818e+00,  -2.90548380e-01,  -6.83013100e-01,  -1.25202886e+00,   2.31754102e+00, 
              5.75582419e-01,   8.24973979e-01,  -3.02156754e+00,  -1.56721854e-01,   1.00676768e+00, 
             -8.09846767e-01,  -4.74198265e-01,   9.48980193e-02,   1.20829588e+00,  -1.74970564e+00, 
              6.65570451e-01,   1.58593999e-01,   9.09400897e-02,  -8.10672231e-01,   2.84952488e-01, 
             -1.09191099e+00 ]
         </p>
         <m shape='(108)'>
          [   3.67494322e+03,   3.67494322e+03,   3.67494322e+03,   3.67494322e+03,   3.67494322e+03, 
              3.67494322e+03,   3.67494322e+03,   3.67494322e+03,   3.67494322e+03,   3.67494322e+03, 
              3.67494322e+03,   3.67494322e+03,   3.67494322e+03,   3.67494322e+03,   3.67494322e+03, 
              3.67494322e+03,   3.67494322e+03,   3.67494322e+03,   3.67494322e+03,   3.67494322e+03, 
              3.67494322e+03,   3.67494322e+03,   3.67494322e+03,   3.67494322e+03,   3.67494322e+03, 
              3.67494322e+03,   3.67494322e+03,   3.67494322e+03,   3.67494322e+03,   3.67494322e+03, 
              3.67494322e+03,   3.67494322e+03,   3.67494322e+03,   3.67494322e+03,   3.67494322e+03, 
              3.67494322e+03,   3.67494322e+03,   3.67494322e+03,   3.67494322e+03,   3.67494322e+03, 
              3.67494322e+03,   3.67494322e+03,   3.67494322e+03,   3.67494322e+03,   3.67494322e+03, 
              3.67494322e+03,   3.67494322e+03,   3.67494322e+03,   3.67494322e+03,   3.67494322e+03, 
              3.67494322e+03,   3.67494322e+03,   3.67494322e+03,   3.67494322e+03,   3.67494322e+03, 
              3.67494322e+03,   3.67494322e+03,   3.67494322e+03,   3.67494322e+03,   3.67494322e+03, 
              3.67494322e+03,   3.67494322e+03,   3.67494322e+03,   3.67494322e+03,   3.67494322e+03, 
              3.67494322e+03,   3.67494322e+03,   3.67494322e+03,   3.67494322e+03,   3.67494322e+03, 
              3.67494322e+03,   3.67494322e+03,   3.67494322e+03,   3.67494322e+03,   3.67494322e+03, 
              3.67494322e+03,   3.67494322e+03,   3.67494322e+03,   3.67494322e+03,   3.67494322e+03, 
              3.67494322e+03,   3.67494322e+03,   3.67494322e+03,   3.67494322e+03,   3.67494322e+03, 
              3.67494322e+03,   3.67494322e+03,   3.67494322e+03,   3.67494322e+03,   3.67494322e+03, 
              3.67494322e+03,   3.67494322e+03,   3.67494322e+03,   3.67494322e+03,   3.67494322e+03, 
              3.67494322e+03,   3.67494322e+03,   3.67494322e+03,   3.67494322e+03,   3.67494322e+03, 
              3.67494322e+03,   3.67494322e+03,   3.67494322e+03,   3.67494322e+03,   3.67494322e+03, 
              3.67494322e+03,   3.67494322e+03,   3.67494322e+03 ]
         </m>
         <names shape='(108)'>
          [ H2, H2, H2, H2, H2, 
            H2, H2, H2, H2, H2, 
            H2, H2, H2, H2, H2, 
            H2, H2, H2, H2, H2, 
            H2, H2, H2, H2, H2, 
            H2, H2, H2, H2, H2, 
            H2, H2, H2, H2, H2, 
            H2, H2, H2, H2, H2, 
            H2, H2, H2, H2, H2, 
            H2, H2, H2, H2, H2, 
            H2, H2, H2, H2, H2, 
            H2, H2, H2, H2, H2, 
            H2, H2, H2, H2, H2, 
            H2, H2, H2, H2, H2, 
            H2, H2, H2, H2, H2, 
            H2, H2, H2, H2, H2, 
            H2, H2, H2, H2, H2, 
            H2, H2, H2, H2, H2, 
            H2, H2, H2, H2, H2, 
            H2, H2, H2, H2, H2, 
            H2, H2, H2, H2, H2, 
            H2, H2, H2 ]
         </names>
      </beads>
      <motion mode='dynamics'>
         <dynamics mode='nvt'>
            <timestep>  4.13413730e+01</timestep>
            <thermostat mode='pile_g'>
               <tau>  1.03353433e+03</tau>
               <ethermo>  3.30299786e+02</ethermo>
            </thermostat>
         </dynamics>
      </motion>
      <forces>
         <force forcefield='driver'>
         </force>
      </forces>
      <ensemble>
         <temperature>  7.91703800e-05</temperature>
         <eens>  1.66566404e-04</eens>
      </ensemble>
   </system>
</simulation>
