<simulation verbosity='high'>
   <step>327</step>
   <total_steps>5000</total_steps>
   <output prefix=''>
      <properties shape='(6)' filename='tut1.md'>
       [ step, time{picosecond}, conserved{kelvin}, temperature{kelvin}, potential{kelvin}, 
         kinetic_cv{kelvin} ]
      </properties>
      <properties stride='20' shape='(1)' filename='tut1.force'> [ atom_f{piconewton}(atom=0;bead=0) ] </properties>
      <trajectory format='pdb' filename='tut1.pos' stride='100' cell_units='angstrom'>positions{angstrom}</trajectory>
      <checkpoint stride='1000' filename='tut1.checkpoint'>1</checkpoint>
   </output>
   <prng>
      <set_pos>420</set_pos>
      <state shape='(624)'>
       [ 68919668, 2628299061, 712903270, 3196398487, 3529316168, 
         1540348353, 2433880941, 442912166, 2638716406, 2059656564, 
         1740877534, 1290705136, 247541209, 2125803372, 967207063, 
         3711585854, 3074537796, 3736499164, 2916222345, 1418225375, 
         2807674872, 1061084925, 1953706759, 2438779559, 2866369777, 
         4169500798, 3602788651, 297332061, 1290783781, 2633809047, 
         2493364939, 2427860690, 2519755231, 3383870930, 2724678253, 
         1487029771, 2043473273, 747456002, 1037746305, 1144493737, 
         428266045, 3120189040, 2636590929, 1811064572, 207624830, 
         3560618089, 2642155761, 3942829531, 3995718737, 4259774563, 
         3101070887, 2468824773, 839326111, 1184420211, 2050631762, 
         3752192983, 3539419460, 3326789272, 2814930895, 1338361207, 
         2680803807, 2980374496, 2785771592, 653098546, 1032224277, 
         3525822610, 2610459669, 2557422529, 1251506080, 1575243879, 
         2622098350, 1024195897, 1133529610, 3110858285, 2468125860, 
         2615480563, 1071507414, 477180661, 786794926, 2526491318, 
         2624757811, 1308201841, 653195723, 3747737253, 188775492, 
         3358720203, 648561784, 1545256193, 3513204631, 1258032435, 
         1766347403, 1701686663, 1587303440, 2302704840, 4038817640, 
         4259316469, 2532812258, 3524157086, 184207324, 2829893584, 
         3445414315, 317826479, 1135185652, 3310592216, 2288554999, 
         2542159803, 2673352856, 3515880908, 1801818917, 2792956597, 
         3510574267, 1559056509, 982425400, 820957758, 1677511795, 
         2437552634, 3612413531, 3447436364, 3519002280, 3626878987, 
         1458402117, 491803826, 822172043, 2446941493, 1057961386, 
         1762105312, 3532247268, 3876298628, 1051238548, 1025309047, 
         436984980, 3162552321, 1824546148, 1982770048, 259837946, 
         3077148117, 1946157315, 4166158060, 2297164664, 968789320, 
         448424299, 1872449256, 997505823, 1054325291, 2858599786, 
         3197608096, 3064108371, 3926174289, 354710370, 717011042, 
         3578564633, 2381102669, 846722013, 228273945, 1937095088, 
         186732989, 1651554384, 3928146592, 1016105530, 1103533233, 
         3561872335, 688782444, 3759187446, 1217357111, 2221256592, 
         1079392023, 4227055829, 4105964168, 855316960, 811262690, 
         435375391, 1376137577, 2651480149, 2317514447, 1758125204, 
         2857959232, 4273915122, 1230399514, 3099170222, 1399992946, 
         1756800057, 872013323, 3954169798, 4242945672, 4008002724, 
         1335370245, 456211188, 1635427350, 3332097867, 3766585121, 
         2571738860, 4244857111, 76263199, 1433448654, 772046864, 
         634485609, 1236143924, 1592519250, 3959263699, 1094640427, 
         381995619, 1260180542, 713318394, 2148069558, 3509978960, 
         299198396, 2534966866, 3255288359, 2063571137, 2220139717, 
         4240315969, 780342680, 2077042165, 1565437725, 2443422988, 
         253732218, 734288415, 3665153614, 1568699953, 68649680, 
         3490071325, 1179459849, 1933905867, 670654723, 4217387199, 
         3587273255, 87858336, 153846404, 358153700, 1747768773, 
         1835688522, 2521388419, 1165877799, 1905972029, 4244654927, 
         952004869, 3212166785, 703006223, 1968100553, 2688658386, 
         1196474046, 2253610182, 334081271, 696212040, 1068506920, 
         1228533562, 1715434717, 4129289161, 3013277270, 3085378928, 
         3969280808, 3033364415, 1122432221, 3188627312, 1846954919, 
         3572147834, 2651586049, 2747288649, 1942610440, 3455635985, 
         2044234017, 1507113947, 2277839148, 1633084260, 2928721076, 
         3450171292, 1924849061, 904720762, 3711636545, 2131050101, 
         706360969, 984449824, 2288988341, 1541825509, 876321775, 
         1414185914, 306080482, 1553161835, 1307504177, 2330725433, 
         2762866705, 3574718220, 2800527074, 2102605189, 2073302339, 
         4093443809, 2901340243, 2242850529, 2436319671, 1857596326, 
         2215923853, 2611371709, 2875562184, 2647619893, 1372800099, 
         2210688412, 3092591092, 1664698476, 1597141869, 3510921461, 
         2387474792, 1339843602, 845516209, 1396888788, 2497091944, 
         2553127187, 3346297967, 3927597227, 3651303737, 3004395042, 
         4107898779, 550175157, 3860556490, 2685911011, 1707533849, 
         400354087, 1426218301, 2499431431, 1692710461, 4221132514, 
         1433261843, 3641011797, 346805608, 1249033929, 1644307637, 
         365064057, 1207201703, 3492598030, 2704106886, 2933164807, 
         1991149608, 285904007, 1422600911, 126866594, 771693767, 
         838844325, 3977070561, 4006511386, 599684720, 4206788767, 
         3807187078, 3012394785, 137053869, 1797495700, 1104731410, 
         2068090392, 3608960811, 2058415507, 52591363, 1908365388, 
         2078734568, 517503873, 2842687479, 550550345, 983885850, 
         1812104198, 2018222484, 3057695661, 1186359888, 3672733322, 
         2564082437, 1085799953, 2628729669, 2129276839, 3882691487, 
         1501748815, 1661922522, 4015860957, 2584860053, 3567059608, 
         4091605427, 1744720676, 167915086, 801968502, 1639328066, 
         2753308158, 2578834386, 4197602024, 4038258233, 2906888299, 
         1935756508, 3737788172, 1619722002, 3251313544, 3445862668, 
         3123810644, 2972967744, 1430075465, 121227760, 3412460627, 
         3727214364, 2989522288, 255363376, 178895089, 1885395301, 
         1194941761, 3048303771, 3345734223, 1513328680, 1418058000, 
         3431641230, 2459570587, 1340020550, 1909531884, 1382011324, 
         486495725, 3610288351, 3792569653, 3338335214, 610645484, 
         458122295, 1362140471, 2608750641, 3681370151, 2334941450, 
         4190135149, 2861369234, 1477758412, 668493482, 3770614412, 
         3934072086, 1667962267, 3107337649, 1920076312, 3037783352, 
         3941638502, 3518234871, 3072012314, 1418764709, 3822130956, 
         3053091311, 1864986380, 2534430760, 1260297694, 878480429, 
         895726544, 2081829564, 2558829193, 478293962, 3591130130, 
         1129923676, 206208156, 182666712, 830363566, 245744393, 
         772163867, 3665745284, 344935143, 3554315344, 1635226451, 
         2488187363, 2695306860, 1782883423, 458978886, 2033098501, 
         102881089, 1230788748, 2266548263, 3908451208, 1739095672, 
         1575633375, 1433477884, 667312116, 3964334652, 2673193161, 
         1550732453, 776776286, 2146873084, 956153094, 607306814, 
         1435711946, 1522025132, 59800974, 1855424082, 3565878003, 
         3519597358, 3721865029, 312243465, 4127316133, 2099048182, 
         3556960874, 3006123326, 3643911635, 2591592600, 2007248755, 
         1593326595, 1114681470, 3471636205, 532915102, 528523508, 
         339176803, 523120234, 3580970789, 1031848860, 1223460464, 
         929338071, 3484627264, 1356751395, 3106988270, 3041820004, 
         3733089916, 590920279, 2074302913, 1038913726, 2639418784, 
         3523721788, 3571756599, 2879449770, 1447668912, 4026590837, 
         2643685014, 2202701945, 1012727277, 590259590, 3051105114, 
         3961750415, 280431063, 2437514704, 2903483411, 62643052, 
         689431078, 987524233, 4197773799, 2186801669, 2003683186, 
         1555356547, 2350445464, 3456407209, 3797674753, 1294002453, 
         990367911, 4267304831, 3583641058, 12808776, 3845909591, 
         2795493322, 1025460890, 3324554665, 1294400424, 3045184763, 
         2352280576, 2165432412, 1941983384, 411023987, 3966648483, 
         1995282517, 2444486224, 122393793, 3429759259, 4022510587, 
         1476084861, 2167760769, 3588964403, 2500825967, 1090750153, 
         4202196940, 3816530612, 889792514, 977730839, 3964918529, 
         3946554161, 2065959766, 1453151503, 165133248, 1553783356, 
         2510139618, 994979464, 642843369, 4248430012, 246937332, 
         1237394710, 1837210042, 1789279941, 4254682637, 2279668682, 
         2505337129, 875166589, 3219126275, 4191983859, 214984246, 
         3738972227, 4034393485, 3977258541, 2409634648, 1443488601, 
         1543558240, 4162017986, 3129378889, 82494410, 3333722979, 
         2021600917, 1904665730, 92368243, 1567618389, 2712122634, 
         3354192177, 4233705658, 1221451611, 2582929972, 3637597276, 
         3625385617, 2566957383, 389485838, 2040786739, 3942823120, 
         364712817, 3229357264, 2321262694, 1890611467, 3201391414, 
         3590743042, 710448254, 2175961445, 3278463242, 2843501065, 
         2183701020, 1211051385, 2641218513, 3748947531, 1810360087, 
         3146799833, 131768810, 1057514042, 4156341281 ]
      </state>
      <seed>12345</seed>
   </prng>
   <ffsocket name='driver'>
      <port>31415</port>
   </ffsocket>
   <system>
      <cell shape='(3, 3)'>
       [   3.37259417e+01,   2.06511833e-15,   2.06511833e-15,   0.00000000e+00,   3.37259417e+01, 
           2.06511833e-15,   0.00000000e+00,   0.00000000e+00,   3.37259417e+01 ]
      </cell>
      <beads natoms='108' nbeads='4'>
         <q shape='(4, 324)'>
          [  -5.51200332e-01,   5.26964171e-01,   8.90106630e-01,  -5.21314714e-02,   7.17613098e+00, 
              9.66684775e+00,   4.51790250e+00,   5.94845965e+00,   8.31767592e-01,   7.04986543e+00, 
              1.28081997e+00,   3.79224718e+00,  -4.91312871e-01,  -7.40321468e-01,   1.29630354e+01, 
             -9.13376364e-01,   5.46896842e+00,   1.76640608e+01,   9.03938792e+00,   5.23958236e+00, 
              8.91964607e+00,   7.38010337e+00,   3.55079273e+00,   1.46773330e+01,   1.10779041e+00, 
              1.51031184e+00,   2.40961476e+01,  -5.29101748e-01,   4.36443225e+00,   2.96520310e+01, 
              5.31794668e+00,   5.85759485e+00,   2.10605982e+01,   1.17315931e+00,  -1.08627048e+00, 
              2.88102980e+01,  -2.63924446e+00,   1.16247822e+01,  -1.60808406e+00,   7.76988441e-01, 
              1.19705301e+01,   4.61645595e+00,   3.31501220e+00,   1.44489460e+01,  -9.30064868e-01, 
              7.30838122e+00,   1.18206961e+01,   2.97631662e+00,   1.96933586e-01,   1.49787323e+01, 
              1.20445924e+01,   3.94820296e-01,   1.63558151e+01,   1.90664679e+01,   6.12172049e+00, 
              1.63054325e+01,   9.60248813e+00,   5.87066550e+00,   1.30818980e+01,   1.64890386e+01, 
              2.21413131e-02,   9.27965657e+00,   2.34317114e+01,   1.31105759e+00,   1.71811154e+01, 
              2.52691646e+01,   6.92167201e+00,   1.41771427e+01,   2.18028125e+01,   3.56173248e+00, 
              9.61946117e+00,   2.99264404e+01,   1.21745042e+00,   2.27779018e+01,   4.44980077e-01, 
             -2.33395088e-01,   2.83560612e+01,   6.03791738e+00,   3.51453876e+00,   2.90805304e+01, 
              4.11334008e-01,   6.50269800e+00,   2.40761447e+01,   4.78158533e+00,  -1.30781106e-02, 
              2.31127297e+01,   1.18483929e+01,   1.88997993e+00,   2.84395519e+01,   1.89385053e+01, 
              4.19005735e+00,   2.95162335e+01,   9.56556475e+00,   7.53432378e+00,   2.35833723e+01, 
              1.46909477e+01,  -5.79872379e-01,   2.23716367e+01,   2.16451198e+01,   1.37298574e+00, 
              2.69810044e+01,   2.52250492e+01,   6.09948213e+00,   2.49780627e+01,   2.24863980e+01, 
              5.57578160e+00,   2.34169528e+01,   3.05743174e+01,   1.02468650e+01,   3.16790722e+00, 
             -2.06251588e+00,   1.26992297e+01,   7.33680439e+00,   3.73767278e+00,   1.65929406e+01, 
              6.85841960e+00,  -7.97353306e-01,   1.36372722e+01,   1.56723565e+00,   3.92762656e+00, 
              1.22234797e+01,   6.23479810e-01,   1.15452625e+01,   1.37062567e+01,   5.81428531e+00, 
              1.60861328e+01,   1.71020915e+01,   4.48569678e+00,   1.17171213e+01,   1.76764554e+01, 
             -6.59148109e-01,   1.53088317e+01,   1.36186351e+01,   4.45594958e-01,   2.37129213e+01, 
              1.31780435e+01,   6.73407531e+00,   2.77639078e+01,   1.53195393e+01,   8.66132407e+00, 
              2.27180807e+01,   1.70677039e+01,   1.45662648e+00,   2.98683523e+01,   1.00700294e+01, 
              1.12093181e+01,  -2.15317703e+00,   1.14283166e+01,   1.82194926e+01,   5.32771161e+00, 
              1.65321468e+01,   1.73250131e+01,  -6.03976692e-01,   1.49835569e+01,   1.24555881e+01, 
              3.37065884e+00,   1.08728774e+01,   1.30274372e+01,   1.28400968e+01,   1.08371636e+01, 
              1.77756900e+01,   1.66999522e+01,   1.62743920e+01,   1.79138785e+01,   1.06826302e+01, 
              1.77054184e+01,   1.11095415e+01,   1.80890128e+01,   1.17982230e+01,   1.22907408e+01, 
              2.41758303e+01,   1.05453314e+01,   1.78980462e+01,   2.76130163e+01,   1.63598675e+01, 
              1.60755498e+01,   2.10407654e+01,   1.69967541e+01,   1.15287487e+01,   3.04527285e+01, 
              1.13476342e+01,   2.08982270e+01,  -4.30503310e-01,   1.43547671e+01,   3.08937951e+01, 
              8.13488927e+00,   1.57832787e+01,   2.66354876e+01,  -1.46866199e-02,   1.66596631e+01, 
              2.20830059e+01,   3.73163258e+00,   9.85331407e+00,   2.28703042e+01,   9.94534233e+00, 
              1.37538112e+01,   2.91111606e+01,   1.56433745e+01,   1.96770332e+01,   2.62221937e+01, 
              1.13727265e+01,   1.74532455e+01,   2.27568370e+01,   1.62951810e+01,   1.30182922e+01, 
              2.18226056e+01,   2.28162152e+01,   1.20258768e+01,   2.62471758e+01,   2.77686612e+01, 
              1.83237207e+01,   2.79908281e+01,   2.17945382e+01,   1.71352229e+01,   2.24567678e+01, 
              2.88758271e+01,   2.11129152e+01,   8.68384106e-01,   1.87835947e+00,   2.21010500e+01, 
              5.86814199e+00,   6.22752964e+00,   2.74004801e+01,   2.60135526e+00,   1.01788271e+00, 
              3.02792131e+01,  -7.22763192e-01,   5.55532013e+00,   2.10169704e+01,  -8.61096114e-01, 
              1.01484776e+01,   1.98028954e+01,   3.80022562e+00,   1.89489684e+01,   2.68390813e+01, 
              2.91910679e+00,   1.10567864e+01,   2.96064648e+01,   1.27076814e-02,   1.87204148e+01, 
              2.27284889e+01,   1.49597956e+00,   2.34588705e+01,   2.00493824e+01,   6.21669238e+00, 
              2.75788133e+01,   2.86424094e+01,   6.75586322e+00,   2.22621156e+01,   2.64802981e+01, 
              8.60344071e-01,   2.80420406e+01,   2.12737292e+01,   8.77938496e+00,   9.68712891e-01, 
              1.93796708e+01,   1.55293543e+01,   5.33877684e+00,   2.52532115e+01,   1.81161776e+01, 
             -5.79658014e-01,   2.73261379e+01,   9.21285303e+00,   8.02056301e+00,   2.14069119e+01, 
              1.02350189e+01,   1.01209221e+01,   2.38756251e+01,   1.62227008e+01,   1.82056902e+01, 
              2.91999850e+01,   1.64376507e+01,   7.17800536e+00,   2.80894634e+01,   1.14347533e+01, 
              1.65245924e+01,   2.21157755e+01,   1.13955501e+01,   2.28533760e+01,   1.97247323e+01, 
              1.70689563e+01,   2.64189700e+01,   2.86424324e+01,   1.47974888e+01,   2.35446763e+01, 
              2.64233601e+01,   6.64957577e+00,   3.00703567e+01,   2.21165418e+01,   2.26591634e+01, 
              1.39255935e+00,   2.34577345e+01,   2.55459786e+01,   7.20520236e+00,   2.70352444e+01, 
              2.82211962e+01,   2.95069073e+00,   3.21678057e+01,   2.24996274e+01,   5.73403220e+00, 
              2.74599110e+01,   1.94282806e+01,   1.22868654e+01,   2.21846966e+01,   2.92948110e+01, 
              1.78101280e+01,   2.81997729e+01,   2.69355100e+01,   1.06962687e+01,   2.79779066e+01, 
              2.56953905e+01,   1.89070406e+01,   2.11691202e+01,   2.33285730e+01,   2.31082102e+01, 
              2.11413491e+01,   2.84156785e+01,   2.98840987e+01,   3.02790309e+01,   2.90689897e+01, 
              2.26897692e+01,   2.79640501e+01,   2.59822068e+01,   2.76359851e+01,  -7.48184923e-02, 
             -6.97913431e-02,   7.94151516e-01,   8.65824494e-01,   7.85279465e+00,   9.80779269e+00, 
              5.39460637e+00,   5.52152107e+00,   6.99906361e-01,   7.30404212e+00,   1.99192788e+00, 
              4.97749750e+00,  -1.44634279e+00,  -9.22591218e-01,   1.25536284e+01,  -1.33685594e+00, 
              4.02254794e+00,   1.67667288e+01,   8.72643641e+00,   6.69760586e+00,   8.88800908e+00, 
              7.29298290e+00,   3.39107488e+00,   1.49345090e+01,  -1.66324539e-01,   1.31328623e+00, 
              2.37536019e+01,  -3.51460113e-01,   5.03055591e+00,   2.91087918e+01,   4.60649770e+00, 
              6.15578784e+00,   2.08294360e+01,   1.35728280e+00,  -1.27111048e+00,   2.87782548e+01, 
             -2.66979437e+00,   1.14073234e+01,  -1.14563306e+00,   6.56111269e-01,   1.20155161e+01, 
              4.83694105e+00,   3.49583529e+00,   1.52111443e+01,  -1.21139007e+00,   7.83136118e+00, 
              1.17433639e+01,   3.81290207e+00,   1.61238529e+00,   1.46408132e+01,   1.08419289e+01, 
              1.22814935e-02,   1.65127695e+01,   2.06279343e+01,   6.93681711e+00,   1.60689781e+01, 
              9.06189882e+00,   5.41680670e+00,   1.24112393e+01,   1.58900047e+01,   5.30773619e-01, 
              9.99382010e+00,   2.41124524e+01,   2.27975821e+00,   1.71151364e+01,   2.56819797e+01, 
              6.04524770e+00,   1.29500484e+01,   2.37176485e+01,   4.58409915e+00,   9.79794730e+00, 
              2.89312342e+01,   1.74177181e+00,   2.26530036e+01,  -1.01992039e-01,  -1.99545549e-01, 
              2.84736271e+01,   6.02578021e+00,   4.32537636e+00,   2.93181996e+01,   7.99096322e-01, 
              5.15442417e+00,   2.32725713e+01,   5.49252442e+00,   5.61411266e-01,   2.40968056e+01, 
              1.20382898e+01,   2.33853541e+00,   2.71186654e+01,   1.73842630e+01,   4.40911828e+00, 
              2.96951865e+01,   1.02672390e+01,   5.83050242e+00,   2.36524717e+01,   1.48911740e+01, 
              4.45684835e-03,   2.23305882e+01,   2.24060069e+01,   1.36795563e+00,   2.70500205e+01, 
              2.61499205e+01,   6.69180167e+00,   2.58188431e+01,   2.22641255e+01,   5.13343039e+00, 
              2.29419104e+01,   2.92892220e+01,   1.06217221e+01,   3.00320695e+00,  -1.77154842e+00, 
              1.12175716e+01,   6.77217661e+00,   3.58529298e+00,   1.73806642e+01,   6.56234658e+00, 
             -9.83293267e-01,   1.51869120e+01,  -3.92298541e-01,   3.84449007e+00,   1.16822120e+01, 
              4.87756282e-01,   1.23821619e+01,   1.36404721e+01,   4.94240771e+00,   1.66338423e+01, 
              1.65043608e+01,   4.35072829e+00,   1.11025082e+01,   1.71752201e+01,  -7.23157312e-01, 
              1.55829043e+01,   1.40211484e+01,   4.93923835e-01,   2.26521272e+01,   1.39776309e+01, 
              8.02383953e+00,   2.78179960e+01,   1.56381968e+01,   6.74667870e+00,   2.21725476e+01, 
              1.69833547e+01,   9.27852789e-01,   3.04993528e+01,   9.73055065e+00,   1.08347942e+01, 
             -2.15992408e+00,   1.22161152e+01,   1.69828172e+01,   5.40323840e+00,   1.54635522e+01, 
              1.72773453e+01,  -9.76102915e-01,   1.50767799e+01,   1.20707450e+01,   2.97995356e+00, 
              1.16885126e+01,   1.08804666e+01,   1.22436270e+01,   1.07762890e+01,   1.66573280e+01, 
              1.66156264e+01,   1.74022964e+01,   1.77974909e+01,   1.18815179e+01,   1.73130044e+01, 
              1.12788488e+01,   1.80647733e+01,   1.18907193e+01,   1.22991231e+01,   2.33043978e+01, 
              8.67507195e+00,   1.81357450e+01,   2.74955046e+01,   1.68405116e+01,   1.76750402e+01, 
              2.08000918e+01,   1.77337910e+01,   1.16997878e+01,   3.11516430e+01,   1.03877907e+01, 
              2.06978353e+01,  -1.16469391e-01,   1.55686845e+01,   2.95512000e+01,   8.96846091e+00, 
              1.47314648e+01,   2.76454597e+01,  -1.91166986e-02,   1.56875837e+01,   2.18247418e+01, 
              3.75406300e+00,   1.07580742e+01,   2.36267043e+01,   1.14935516e+01,   1.36109535e+01, 
              2.82137516e+01,   1.60325752e+01,   1.91029561e+01,   2.63794022e+01,   1.14704374e+01, 
              1.72127417e+01,   2.21707775e+01,   1.57153823e+01,   1.20913070e+01,   2.06679153e+01, 
              2.17884271e+01,   1.04930023e+01,   2.63418740e+01,   2.72789072e+01,   1.74909364e+01, 
              2.81181270e+01,   2.18911962e+01,   1.69811796e+01,   2.16264190e+01,   2.78509363e+01, 
              2.12042401e+01,   1.41405623e+00,   1.68297148e+00,   2.19858670e+01,   4.68561245e+00, 
              5.78638937e+00,   2.80628735e+01,   3.84709791e+00,   5.52017708e-01,   3.08344251e+01, 
              1.49747672e-01,   6.12478765e+00,   2.09339000e+01,  -9.22178166e-01,   9.98293159e+00, 
              1.83035656e+01,   4.01479839e+00,   1.83326687e+01,   2.71800183e+01,   3.37421196e+00, 
              1.12924481e+01,   2.85804118e+01,  -1.34978449e+00,   1.75327437e+01,   2.15909001e+01, 
              2.30836705e-01,   2.31800213e+01,   2.08118765e+01,   6.18682958e+00,   2.79708009e+01, 
              2.90044685e+01,   6.82529214e+00,   2.23391906e+01,   2.68995784e+01,   1.36801461e+00, 
              2.63935969e+01,   2.28110900e+01,   8.87467788e+00,   1.47121535e+00,   1.95869964e+01, 
              1.63488296e+01,   4.90657529e+00,   2.58818800e+01,   1.87426655e+01,  -1.69796875e+00, 
              2.70248932e+01,   9.35759091e+00,   9.60134309e+00,   2.04235390e+01,   8.98203718e+00, 
              1.11728625e+01,   2.21927255e+01,   1.58443333e+01,   1.82039069e+01,   2.85490622e+01, 
              1.62738195e+01,   7.86666339e+00,   2.89914985e+01,   1.25596422e+01,   1.66844997e+01, 
              2.18146376e+01,   1.11656904e+01,   2.29745498e+01,   2.08218903e+01,   1.63104931e+01, 
              2.79507826e+01,   2.73790792e+01,   1.52499131e+01,   2.45663878e+01,   2.66441085e+01, 
              7.51106252e+00,   2.90830152e+01,   2.20363878e+01,   2.27299664e+01,   1.52093757e+00, 
              2.36777215e+01,   2.59187562e+01,   7.11959741e+00,   2.73453888e+01,   2.69745169e+01, 
              2.65686481e+00,   3.09126093e+01,   2.22588340e+01,   4.84840411e+00,   2.55277021e+01, 
              2.07902482e+01,   1.01285573e+01,   2.21010348e+01,   2.92622081e+01,   1.73245282e+01, 
              2.91642218e+01,   2.63151376e+01,   1.03000716e+01,   2.68238353e+01,   2.41570742e+01, 
              1.90860052e+01,   2.18776165e+01,   2.36470005e+01,   2.35891838e+01,   2.09740727e+01, 
              2.74273396e+01,   2.73364696e+01,   3.14160355e+01,   2.94105207e+01,   2.20573921e+01, 
              2.75057328e+01,   2.65908119e+01,   2.87038651e+01,   5.69191613e-01,  -1.74167286e-01, 
              4.13327523e-01,   6.12502424e-01,   8.16914123e+00,   1.00082285e+01,   5.33439270e+00, 
              5.56356203e+00,   4.78476069e-01,   8.08778411e+00,   7.27228084e-01,   4.45374472e+00, 
             -7.55484483e-01,  -2.88825599e-01,   1.16724145e+01,  -2.22770088e+00,   4.94113532e+00, 
              1.68387391e+01,   8.61299322e+00,   6.28137021e+00,   9.05060641e+00,   6.87812493e+00, 
              2.63263128e+00,   1.48958847e+01,  -4.42704451e-02,   2.07224032e+00,   2.38258574e+01, 
              3.87016621e-02,   5.04122160e+00,   3.03584996e+01,   4.40278275e+00,   6.50238935e+00, 
              2.06039338e+01,   2.01721863e+00,  -1.16485980e+00,   2.88284098e+01,  -2.66084885e+00, 
              1.22735942e+01,  -8.30271748e-01,   9.45952960e-01,   1.21586391e+01,   4.10675313e+00, 
              3.16872763e+00,   1.57194677e+01,  -1.03750008e+00,   7.08345179e+00,   1.04471484e+01, 
              3.90375027e+00,   8.86888908e-01,   1.33795398e+01,   1.22192753e+01,   5.42248770e-01, 
              1.56191338e+01,   1.94047250e+01,   6.54404345e+00,   1.50171214e+01,   7.96211066e+00, 
              5.26602542e+00,   1.10844655e+01,   1.50671966e+01,   9.97938005e-01,   1.02299545e+01, 
              2.32516512e+01,   1.80121704e+00,   1.73513884e+01,   2.57490413e+01,   7.04837183e+00, 
              1.30041091e+01,   2.25908096e+01,   4.73770216e+00,   9.55269792e+00,   3.05563611e+01, 
              6.78216302e-01,   2.29837909e+01,   3.18058623e-01,   1.09562008e-01,   2.83043424e+01, 
              6.54865893e+00,   3.45036293e+00,   2.92059478e+01,   5.13124315e-01,   4.62854764e+00, 
              2.40623957e+01,   5.62894847e+00,   1.35526543e+00,   2.37915856e+01,   1.16350227e+01, 
              1.63148231e+00,   2.71344375e+01,   1.83751185e+01,   4.51571433e+00,   2.90686471e+01, 
              9.65318348e+00,   6.05823937e+00,   2.39622580e+01,   1.52229335e+01,   2.39275374e-02, 
              2.26313338e+01,   2.16950183e+01,   1.58353120e+00,   2.74081862e+01,   2.61691051e+01, 
              6.14443584e+00,   2.39666480e+01,   2.29608817e+01,   5.48068337e+00,   2.27133404e+01, 
              2.94906267e+01,   9.34917670e+00,   3.73952848e+00,  -2.84515049e+00,   1.16627814e+01, 
              6.53139504e+00,   3.42339490e+00,   1.63444730e+01,   6.31028510e+00,  -8.96167326e-01, 
              1.46197175e+01,   1.03228318e+00,   3.22773697e+00,   1.25962176e+01,   1.39687161e-01, 
              1.17804995e+01,   1.24423943e+01,   5.08402145e+00,   1.59056889e+01,   1.59091312e+01, 
              3.50030820e+00,   1.00066181e+01,   1.70262005e+01,  -8.48399831e-01,   1.52081167e+01, 
              1.33880499e+01,   4.07052256e-01,   2.36693456e+01,   1.29938425e+01,   7.32072342e+00, 
              2.83258572e+01,   1.66848245e+01,   7.83640716e+00,   2.25894848e+01,   1.65941209e+01, 
              1.07512886e+00,   3.02449174e+01,   9.84477493e+00,   1.11089543e+01,  -1.80371692e+00, 
              1.18622005e+01,   1.75230217e+01,   5.17091017e+00,   1.53861172e+01,   1.70659302e+01, 
             -9.56312194e-01,   1.48450509e+01,   1.25297744e+01,   2.40057953e+00,   1.15288630e+01, 
              1.07504625e+01,   1.23613101e+01,   1.07724425e+01,   1.83173652e+01,   1.61185057e+01, 
              1.66107696e+01,   1.95652741e+01,   1.07707550e+01,   1.74046998e+01,   1.17359077e+01, 
              1.73507477e+01,   1.21092833e+01,   1.13441425e+01,   2.42114007e+01,   8.68446923e+00, 
              1.84847205e+01,   2.77433682e+01,   1.74238518e+01,   1.70580108e+01,   2.06631711e+01, 
              1.77181243e+01,   1.11460994e+01,   3.10854089e+01,   1.15396028e+01,   2.14376319e+01, 
              1.60670154e-01,   1.57797575e+01,   2.98375435e+01,   8.72588023e+00,   1.46708620e+01, 
              2.63761630e+01,  -9.36063288e-01,   1.62530343e+01,   2.14367059e+01,   4.30083062e+00, 
              1.09444781e+01,   2.39362899e+01,   1.14345773e+01,   1.25383306e+01,   2.93015807e+01, 
              1.58665509e+01,   1.94676939e+01,   2.62213598e+01,   1.11523413e+01,   1.63258891e+01, 
              2.23919493e+01,   1.69561740e+01,   1.16663768e+01,   2.10890392e+01,   2.09728587e+01, 
              1.10406646e+01,   2.66712535e+01,   2.72299089e+01,   1.77080010e+01,   2.86334406e+01, 
              2.13888486e+01,   1.72343013e+01,   2.23990669e+01,   2.80733002e+01,   2.04117851e+01, 
              1.09494863e+00,   9.15426038e-01,   2.31231265e+01,   4.78320439e+00,   5.52148074e+00, 
              2.81101535e+01,   1.30502101e+00,   1.08426159e+00,   3.10833570e+01,   1.08457741e+00, 
              6.55015827e+00,   2.20550718e+01,  -1.08297684e+00,   9.29910980e+00,   2.03523120e+01, 
              3.49802922e+00,   1.82584182e+01,   2.69228858e+01,   3.34755993e+00,   1.20199928e+01, 
              2.80794169e+01,  -7.39256293e-01,   1.69733716e+01,   2.24649174e+01,  -1.30456619e-02, 
              2.27716219e+01,   2.13575549e+01,   6.28733029e+00,   2.70969065e+01,   2.86901967e+01, 
              6.46172953e+00,   2.15152526e+01,   2.69485800e+01,   8.94985062e-01,   2.71055563e+01, 
              2.19401113e+01,   9.30138896e+00,   3.28290681e-01,   2.00721368e+01,   1.60733746e+01, 
              5.00849952e+00,   2.63518046e+01,   1.69427526e+01,  -1.62788605e+00,   2.69780379e+01, 
              8.90561643e+00,   8.86171389e+00,   2.04858096e+01,   9.65021198e+00,   1.04388854e+01, 
              2.33421852e+01,   1.64287033e+01,   1.85502500e+01,   2.96589877e+01,   1.64132970e+01, 
              7.12694016e+00,   2.81905318e+01,   1.13537004e+01,   1.64674470e+01,   2.07437426e+01, 
              1.18250051e+01,   2.23411727e+01,   2.06566602e+01,   1.61078523e+01,   2.74514515e+01, 
              2.89586227e+01,   1.47836296e+01,   2.53879001e+01,   2.63539930e+01,   6.79354040e+00, 
              3.05496770e+01,   2.28669111e+01,   2.28974812e+01,   1.53297439e+00,   2.35471525e+01, 
              2.55017234e+01,   6.76051691e+00,   2.75733282e+01,   2.80152748e+01,   2.80443043e+00, 
              3.11793411e+01,   2.21412652e+01,   4.40050930e+00,   2.53273944e+01,   2.03979920e+01, 
              1.01566098e+01,   2.39710506e+01,   2.85664827e+01,   1.72286436e+01,   2.86710731e+01, 
              2.59528821e+01,   1.06551169e+01,   2.86721725e+01,   2.45762455e+01,   1.99325365e+01, 
              2.23231664e+01,   2.37790698e+01,   2.36040779e+01,   1.99899637e+01,   2.77180088e+01, 
              2.80368009e+01,   3.11562065e+01,   3.05339107e+01,   2.19862607e+01,   2.72395933e+01, 
              2.53213778e+01,   3.07108210e+01,   1.04082756e-01,   2.49501326e-01,   1.16788565e+00, 
              5.86254886e-03,   7.78880954e+00,   9.59596580e+00,   4.19694046e+00,   5.94851182e+00, 
              1.26380542e+00,   9.08390027e+00,   7.09679829e-01,   4.88631122e+00,  -8.42525189e-01, 
             -5.63417738e-01,   1.33032447e+01,  -1.23439670e+00,   4.23500228e+00,   1.72975843e+01, 
              9.13489279e+00,   6.78597569e+00,   8.64628823e+00,   7.35409715e+00,   3.55907666e+00, 
              1.50908288e+01,   2.75289522e-01,   1.22470148e+00,   2.38000252e+01,  -5.80481614e-01, 
              4.41239965e+00,   3.01342955e+01,   4.63211188e+00,   6.09373678e+00,   2.05042863e+01, 
              2.00606065e+00,  -1.74218523e+00,   3.00529281e+01,  -2.83124655e+00,   1.25477217e+01, 
             -1.64883115e+00,   1.42996242e-01,   1.27486416e+01,   5.29754784e+00,   3.45335573e+00, 
              1.50377797e+01,  -2.04892158e+00,   5.77438896e+00,   1.12849693e+01,   3.32421104e+00, 
             -1.02525884e-01,   1.41652123e+01,   1.21277179e+01,   6.01540665e-01,   1.65438963e+01, 
              1.86932578e+01,   6.16828787e+00,   1.59586485e+01,   9.48857887e+00,   5.54623143e+00, 
              1.13532334e+01,   1.51136509e+01,  -8.69007931e-02,   9.90799396e+00,   2.36406394e+01, 
              1.16297426e+00,   1.72483822e+01,   2.54903534e+01,   7.74304006e+00,   1.40750621e+01, 
              2.18336957e+01,   4.63669229e+00,   9.03051686e+00,   2.97028164e+01,   5.31058675e-01, 
              2.38278541e+01,  -2.60178193e-01,   8.33215038e-04,   2.81973864e+01,   5.57342833e+00, 
              4.76063108e+00,   2.91794153e+01,   2.73815784e-01,   5.56387895e+00,   2.38734619e+01, 
              5.94641001e+00,   1.16287851e+00,   2.44900766e+01,   1.24416217e+01,   1.29642858e+00, 
              2.81312555e+01,   1.84345238e+01,   4.14370567e+00,   2.98791079e+01,   1.03714432e+01, 
              6.53994288e+00,   2.36481972e+01,   1.43519312e+01,  -5.90794400e-01,   2.37372023e+01, 
              2.24620954e+01,   6.61670310e-01,   2.76362761e+01,   2.66952539e+01,   6.18545932e+00, 
              2.53260813e+01,   2.26304440e+01,   5.69326744e+00,   2.38875041e+01,   3.00142559e+01, 
              1.10429301e+01,   3.62083889e+00,  -2.01571646e+00,   1.17199239e+01,   6.95983464e+00, 
              3.89642304e+00,   1.80523585e+01,   6.67185593e+00,  -1.12386135e+00,   1.40902716e+01, 
              1.62071890e+00,   3.58744970e+00,   1.25975065e+01,   1.63611932e-01,   1.16765924e+01, 
              1.39864898e+01,   4.62383528e+00,   1.64494416e+01,   1.62744063e+01,   4.37880308e+00, 
              1.03851764e+01,   1.69971778e+01,  -3.49040335e-01,   1.54959348e+01,   1.38783467e+01, 
              4.01747578e-01,   2.34199285e+01,   1.26466134e+01,   6.93048699e+00,   2.78915450e+01, 
              1.59467667e+01,   7.83221245e+00,   2.29830115e+01,   1.71894772e+01,   8.07657692e-01, 
              2.96089833e+01,   9.58763376e+00,   1.14447792e+01,  -2.69867397e+00,   1.09504595e+01, 
              1.73005935e+01,   5.16110173e+00,   1.60181245e+01,   1.79093547e+01,  -1.10304469e+00, 
              1.50591553e+01,   1.15122520e+01,   2.93540890e+00,   1.14301181e+01,   1.23448474e+01, 
              1.26886854e+01,   1.07978640e+01,   1.80873999e+01,   1.58790818e+01,   1.58724281e+01, 
              1.83284580e+01,   1.07738855e+01,   1.86620033e+01,   1.15600559e+01,   1.67949876e+01, 
              1.22368410e+01,   1.25218830e+01,   2.42912891e+01,   1.01461360e+01,   1.80281910e+01, 
              2.67876753e+01,   1.67440925e+01,   1.53865483e+01,   2.14639758e+01,   1.79113112e+01, 
              1.23017377e+01,   2.98719358e+01,   1.16155696e+01,   2.13176032e+01,  -9.07306364e-01, 
              1.53378113e+01,   2.95409774e+01,   8.07992935e+00,   1.50215341e+01,   2.61050131e+01, 
             -3.40463674e-01,   1.77477617e+01,   2.26472272e+01,   3.72352957e+00,   1.13481021e+01, 
              2.39684072e+01,   1.06534198e+01,   1.36734233e+01,   2.93082249e+01,   1.58902637e+01, 
              1.93501875e+01,   2.63182314e+01,   1.10890434e+01,   1.65191039e+01,   2.30231549e+01, 
              1.67491681e+01,   1.21978246e+01,   2.17345116e+01,   2.18017656e+01,   1.21262848e+01, 
              2.75680423e+01,   2.71777526e+01,   1.79639086e+01,   2.91149621e+01,   2.19555478e+01, 
              1.82900856e+01,   2.31079569e+01,   2.88996789e+01,   2.05955959e+01,   1.44064333e+00, 
              1.42715392e+00,   2.23670443e+01,   5.17832438e+00,   6.15250764e+00,   2.69303207e+01, 
              1.47093823e+00,   9.47119213e-01,   3.06830651e+01,   5.46108451e-01,   5.71311042e+00, 
              1.97557534e+01,  -6.95954641e-01,   9.80912900e+00,   2.12970724e+01,   4.55383195e+00, 
              1.78229348e+01,   2.60353653e+01,   2.35202208e+00,   1.16018729e+01,   2.83195071e+01, 
              3.09446904e-01,   1.76083359e+01,   2.30451513e+01,   4.65124535e-01,   2.27087821e+01, 
              2.10767956e+01,   5.43236669e+00,   2.61282504e+01,   2.84144352e+01,   6.19878968e+00, 
              2.27775560e+01,   2.86496069e+01,   1.85008520e+00,   2.78423747e+01,   2.15310204e+01, 
              9.67536083e+00,   1.68753025e+00,   1.97175374e+01,   1.54786595e+01,   4.52419308e+00, 
              2.59692337e+01,   1.77196681e+01,  -1.89601218e+00,   2.70919392e+01,   9.87185869e+00, 
              8.59041417e+00,   2.15249483e+01,   9.79916921e+00,   1.01132937e+01,   2.37451314e+01, 
              1.60505605e+01,   1.93232009e+01,   2.91817291e+01,   1.55290378e+01,   7.38382088e+00, 
              2.75310901e+01,   1.06434402e+01,   1.70164710e+01,   2.08875469e+01,   1.18210894e+01, 
              2.33565201e+01,   2.00658566e+01,   1.66593873e+01,   2.75049998e+01,   2.88267115e+01, 
              1.43602899e+01,   2.35796119e+01,   2.64469234e+01,   6.89596364e+00,   3.04952880e+01, 
              2.25800635e+01,   2.29905165e+01,   1.54919310e+00,   2.27706962e+01,   2.46846201e+01, 
              7.07766315e+00,   2.80797442e+01,   2.70972910e+01,   3.30869746e+00,   3.11703203e+01, 
              2.27430191e+01,   5.53883393e+00,   2.54937345e+01,   1.92171772e+01,   1.21644398e+01, 
              2.19269710e+01,   2.86747016e+01,   1.68694103e+01,   2.80607994e+01,   2.72334755e+01, 
              1.04540657e+01,   2.85336074e+01,   2.45779120e+01,   1.87622367e+01,   2.23935061e+01, 
              2.33950703e+01,   2.34117639e+01,   2.17499351e+01,   2.87066268e+01,   2.89190459e+01, 
              3.06218905e+01,   2.91670159e+01,   2.34030077e+01,   2.81598064e+01,   2.51805644e+01, 
              2.79442059e+01 ]
         </q>
         <p shape='(4, 324)'>
          [   1.97138106e-01,  -1.65859052e-01,   5.75666533e-01,   1.65475901e+00,   9.59602919e-01, 
              1.87187954e+00,  -9.00492462e-02,  -6.44511239e-01,  -7.03898426e-01,  -7.85732023e-01, 
             -1.56779053e+00,   2.96599377e-01,  -2.92470446e-01,  -4.59424150e-01,  -5.52422754e-01, 
             -4.11530509e-01,  -4.23252129e-01,   9.19870658e-01,   6.91760189e-01,   4.79201607e-01, 
              6.44094754e-01,  -7.34003339e-01,   8.13103819e-01,   2.71971822e-01,  -8.68555314e-01, 
              1.44670831e+00,   1.56739936e+00,  -7.40279604e-02,  -1.04237072e+00,   8.75544887e-02, 
             -9.03500725e-01,   4.34464601e-02,   5.76070864e-01,  -1.18315365e+00,   1.54389369e+00, 
              3.45927696e-01,  -1.35247735e+00,   1.00427135e+00,   5.96826539e-01,   4.15463414e-01, 
             -1.18823992e+00,   3.65414710e-01,  -1.18945826e+00,  -8.50819378e-02,   3.49243302e-01, 
              2.23268049e+00,   1.02142579e+00,   3.06320610e-01,   4.05143257e-02,  -3.21705709e-02, 
             -1.00763320e-01,  -2.52248015e-01,  -7.77995848e-01,  -1.45244673e-01,  -6.58277057e-01, 
             -1.24554860e+00,  -9.30642991e-02,  -4.79014217e-01,   5.48040939e-01,  -1.01695469e+00, 
             -2.29174147e+00,   3.67488168e-01,   1.95147122e-01,   7.94165849e-01,   9.85954300e-01, 
             -7.39832591e-01,  -1.68065225e+00,   3.31995023e-01,  -1.02619144e+00,  -5.82057869e-01, 
              1.54747595e+00,  -7.71734649e-02,  -7.89932511e-01,  -3.79110127e-01,  -1.70630442e+00, 
              8.81323368e-01,   6.07958231e-01,  -7.32513504e-01,  -1.45305745e+00,   1.04365390e+00, 
              3.96849251e-01,   5.11833404e-01,  -3.33214791e+00,  -1.71266851e-01,  -1.31651240e+00, 
             -5.16963703e-01,  -2.03493787e-02,   9.00746117e-01,  -4.09685603e-01,  -7.74443788e-01, 
              3.06442424e+00,  -1.46989298e-01,  -1.71978463e-01,   4.22268030e-01,  -4.79467920e-01, 
             -3.32180581e-01,   4.98545790e-01,   4.61076685e-01,  -2.90264549e-01,   1.12413649e+00, 
             -1.53764668e+00,  -7.97155758e-01,   3.69370867e-01,  -6.69607233e-01,   1.80013037e-02, 
              5.36121372e-01,  -2.19015913e-01,  -1.47102988e-01,   4.27399749e-01,  -2.05228980e-01, 
             -7.68367553e-01,   3.13553387e+00,  -4.52558003e-02,  -1.27396901e+00,   5.05082674e-01, 
              1.62031712e-01,   1.38345476e+00,  -4.02143893e-01,   3.34179943e-01,   1.55124393e-01, 
             -6.56426556e-01,   6.28447892e-01,   1.15022228e+00,   2.15883287e+00,   8.83308440e-01, 
             -1.26408582e+00,   7.11933115e-01,   1.36508852e+00,  -5.91067566e-01,   1.24398540e-02, 
             -6.23222685e-01,  -6.02020897e-01,   2.88062657e-01,  -1.73416480e+00,   1.87007073e+00, 
             -3.20013437e-01,   1.65575176e+00,   4.80023124e-01,  -3.89341528e-01,   1.15683334e+00, 
             -1.66913811e-01,  -5.32799670e-01,  -1.86543886e+00,   2.74657412e+00,   4.72602743e-01, 
              9.48534801e-01,  -1.89291775e+00,   5.21352410e-01,  -9.71673548e-01,  -1.35365174e+00, 
              1.36153282e+00,   6.15653179e-01,   4.62546287e-01,  -9.10117561e-01,  -1.03772784e-01, 
             -2.34802790e+00,   3.90013721e-01,   1.53582525e+00,  -1.70418807e+00,  -1.03521663e+00, 
             -2.43939851e-01,   6.15154388e-01,   1.11169331e+00,  -4.27203422e-01,  -6.68254489e-01, 
             -6.47120079e-01,   1.46531737e+00,  -5.78735889e-01,   9.49915366e-01,  -1.14838671e-01, 
              4.84060323e-01,  -1.14168840e+00,  -4.42237062e-01,   7.67899776e-01,   2.99379548e+00, 
             -1.93377342e+00,  -2.74754646e-01,  -7.13031543e-01,   1.28390032e+00,   2.01135803e+00, 
              5.44321151e-01,  -1.89087120e-01,  -1.91936768e-01,  -8.28007471e-02,  -3.07774128e-01, 
              5.70775027e-02,  -5.08966553e-01,  -3.40819431e-01,   8.24000766e-02,  -4.92684325e-01, 
              1.32001986e+00,  -5.73586164e-01,  -3.71777963e-01,   7.32931789e-01,   1.41423342e+00, 
              1.45203873e+00,   8.14634081e-01,   3.37782181e-01,  -9.34747823e-02,   3.86474780e-01, 
             -3.95683766e-01,  -1.34828938e-01,  -5.90099691e-01,  -1.73926850e+00,  -2.76496756e-01, 
              6.56766180e-01,   9.86635763e-01,   1.57525941e+00,  -1.51035137e-01,   4.82908680e-01, 
             -1.15167478e+00,  -3.87308558e-01,  -7.93374328e-01,   1.10715865e-01,  -2.60391429e+00, 
             -1.02435287e+00,  -8.67907697e-02,   1.41151462e-01,  -9.64633209e-02,   1.64467690e+00, 
             -1.29359086e+00,  -2.98370560e-01,   4.12024265e-01,  -2.83883005e+00,  -9.48433486e-02, 
              1.05416565e+00,  -1.60710319e-01,   2.03629771e-02,   2.94297795e-01,  -2.02440472e+00, 
             -5.01607214e-01,  -3.58620570e-01,  -9.36242806e-02,   4.00626414e-01,  -6.69341408e-01, 
              3.46138694e-01,   1.67445128e+00,  -1.24686219e+00,   2.25668770e-01,  -2.09377383e-01, 
              3.64469221e-01,  -8.39550606e-01,   4.60286922e-01,  -4.42868801e-01,  -2.92058166e-01, 
              1.05560157e-01,   1.35294672e+00,   1.73669937e+00,  -1.59574762e+00,  -4.22566572e-01, 
             -1.45553711e+00,   8.02636037e-01,  -2.30895112e-01,   1.66937570e-01,  -8.69389056e-01, 
             -1.70255751e+00,   6.55580144e-01,   4.28718623e-01,   4.34920420e-02,   6.21335157e-01, 
             -7.31216056e-01,  -3.12625586e-01,   4.16776179e-01,   2.54781162e+00,  -1.74027225e+00, 
              3.81325040e-01,  -2.36276688e-01,   9.85573095e-02,  -3.62961537e-01,  -6.09048679e-02, 
              2.05891240e+00,  -3.37737893e-01,  -1.01781966e+00,  -1.09110722e+00,   1.42187755e+00, 
             -1.36924631e+00,   1.38783069e+00,   1.73652048e+00,   2.56044697e-01,   1.09846878e+00, 
             -5.36761882e-01,  -1.55145285e+00,   7.07474115e-01,  -1.23413842e+00,   5.46783192e-01, 
              2.34019716e+00,  -7.11999097e-01,   1.62727690e-01,  -2.23017047e-01,   1.07105980e-01, 
              1.04472091e+00,  -1.26802258e+00,  -6.90740900e-01,   2.38812765e+00,  -1.02551899e+00, 
             -1.58470092e+00,  -1.45995897e-01,   8.95895401e-01,   9.80667972e-02,   3.33763744e-01, 
              7.95908164e-01,   6.94632493e-01,  -3.81107388e-01,  -9.21702902e-01,   7.83993229e-01, 
              2.40110186e-01,  -7.18746205e-01,   1.07465878e+00,   8.41847804e-02,   2.06912194e-01, 
              5.97939009e-02,  -1.36698334e+00,  -4.56344877e-01,   1.25632994e-01,   1.10357912e+00, 
              8.68864689e-01,  -3.47924247e-01,   4.17894288e-01,  -6.13402709e-01,  -3.62474435e-01, 
              1.68984845e-01,  -7.37240870e-01,  -5.91227716e-01,   6.91216429e-01,   1.78811657e+00, 
              1.22902784e+00,  -7.27079604e-01,  -6.08708330e-01,  -3.17793171e-01,   1.54763136e+00, 
              5.53527666e-01,  -1.62105576e+00,   2.57004762e+00,   7.37314918e-01,  -8.14992235e-01, 
              1.26314636e+00,  -1.67456769e-01,  -1.91125629e-01,   3.44934206e-01,  -3.73786644e-01, 
              6.31140363e-01,  -6.29952785e-01,  -4.57809446e-01,   1.08795086e+00,   7.68758016e-01, 
             -3.01966396e-01,   2.02677137e+00,  -1.43977793e+00,   1.52438078e+00,   3.07114443e-01, 
             -3.74653760e-01,  -2.15520886e+00,   1.24457603e+00,  -6.17011919e-01,  -1.14282033e+00, 
              6.73594201e-01,   1.47476199e+00,  -5.75778557e-01,  -3.03952957e-01,  -6.75180918e-02, 
             -1.42489053e-01,   8.11384409e-01,  -9.53805533e-01,   1.58669485e+00,  -1.26276034e+00, 
             -6.13710533e-01,  -9.63421288e-02,  -4.12241273e-01,  -1.16332762e-01,  -2.02002873e-01, 
              1.54876060e+00,  -1.67330894e-02,  -1.69736230e+00,   2.31346987e+00,  -7.29931097e-01, 
              5.59355552e-01,  -1.57314465e+00,   1.04524173e+00,  -1.18378482e+00,  -5.54324834e-01, 
              8.76657722e-01,   1.69179291e+00,  -1.52805862e+00,   2.56064059e+00,   4.20325170e-02, 
             -9.36996593e-01,   5.77900770e-01,   1.27066900e+00,  -2.87498597e-01,  -6.56471081e-01, 
             -6.55965661e-01,   1.53657474e-01,   4.72473391e-01,  -4.77060305e-01,   1.82526452e-01, 
              5.52296320e-01,   1.59759207e+00,  -1.23862781e+00,  -3.38084967e-01,   1.04758017e+00, 
              2.92935025e-01,   3.13440408e-01,   1.49424132e+00,   4.46300486e-01,   1.41030300e+00, 
              2.19397877e+00,  -2.39675809e-01,  -1.62235204e+00,  -1.74985879e-01,  -5.77553666e-01, 
             -1.01141824e+00,   3.19010439e-01,  -4.85256547e-01,   2.22743471e-01,  -1.63911905e-01, 
              3.82875097e-02,  -1.61877359e+00,   1.00127005e+00,   9.37526776e-01,  -2.48020877e-01, 
             -1.68040518e+00,  -5.58477800e-01,   2.64197533e-01,   9.78479402e-01,   1.28454791e+00, 
              2.24362925e-01,   9.00825101e-01,  -2.47985419e+00,   1.09193571e+00,   5.53963367e-01, 
             -1.02053454e+00,  -1.57759037e+00,  -2.64643701e-01,   9.01116212e-01,   1.92144504e-01, 
              1.86754678e-01,  -1.21186722e+00,  -2.06771203e+00,  -5.41205343e-01,   2.81633107e-01, 
             -3.82581493e-01,   2.45459539e-01,   5.26935306e-01,   1.42200189e-01,   1.55282494e+00, 
              1.85926552e+00,  -6.08605761e-01,  -4.77238469e-01,   1.11789480e-01,   2.11127544e-02, 
             -1.03998590e+00,  -1.01725592e+00,  -2.04068275e+00,   9.01489013e-01,   1.25730357e+00, 
             -1.59541683e-01,   2.96574605e-01,  -4.54705637e-01,  -1.52932140e+00,   5.53963001e-01, 
             -2.02338666e-01,   1.77774613e+00,   9.14573723e-01,   1.00029626e+00,  -1.40631581e-01, 
             -3.08678158e-01,  -1.40709438e+00,   4.93998145e-01,  -1.34028390e+00,   4.36226698e-01, 
             -7.37684540e-02,  -2.00964504e+00,  -9.57102064e-01,  -1.21394335e+00,   2.72888156e-01, 
             -1.88738043e+00,  -5.97613490e-01,  -1.60865045e+00,   7.52270769e-01,   9.05799890e-01, 
             -3.48416385e-01,   3.53932189e-01,  -7.99442403e-01,  -4.77300153e-01,   1.11522413e+00, 
             -2.34474818e+00,   1.67222082e+00,  -2.46814634e-01,   1.09423881e+00,   1.35934372e+00, 
             -7.39145076e-02,  -1.31838957e+00,   9.21146411e-02,   9.85649054e-01,   1.72410328e+00, 
             -1.20369399e+00,  -8.63256500e-01,   2.07440888e+00,   1.04212457e+00,   1.37488929e-01, 
             -3.89502686e-01,  -4.03909189e-01,  -7.51050312e-01,  -3.39416306e-01,   1.79958302e-01, 
              3.84823979e-01,  -4.59070001e-01,   1.13092396e+00,  -1.21272548e-02,   6.08596332e-01, 
              2.18071619e-01,  -1.17595197e+00,   3.35363086e-01,   1.58256632e+00,   1.92233327e-01, 
             -8.85727658e-01,  -1.50437032e+00,  -7.12697987e-01,  -1.81034855e+00,  -3.09562863e-01, 
              8.63698865e-01,  -2.14779866e+00,   1.01607837e+00,  -8.45779772e-01,  -6.24690348e-01, 
              9.92678433e-02,  -1.00513106e+00,   1.96798228e+00,   2.25460727e+00,   1.12635503e+00, 
             -7.32251061e-01,  -9.73862883e-02,  -1.30051055e+00,  -9.71164781e-01,   3.99010141e-01, 
             -1.78830076e-01,  -8.52242442e-02,   2.42508586e-01,   5.27231703e-01,   2.90747235e-02, 
             -2.85510083e+00,  -2.44312740e+00,   1.17503066e+00,  -5.40089741e-01,   1.15535460e-04, 
             -3.55551107e-01,   2.08312530e+00,  -9.02712034e-01,   1.21293138e+00,   9.40624984e-01, 
             -1.22657459e+00,   3.57611703e+00,  -6.98406408e-01,  -1.54097504e+00,   2.09759135e+00, 
              8.76819696e-01,   8.10839951e-01,  -1.19214206e+00,  -7.73188556e-01,   4.50820287e-01, 
              7.18344257e-01,   8.33767817e-01,  -1.15061089e+00,   1.97734989e-01,   1.35034946e+00, 
              1.28324314e+00,  -2.45623697e-01,   7.82493270e-01,  -8.00943580e-01,  -4.29088917e-01, 
              3.89954852e-01,   1.86370205e+00,  -5.71619951e-01,   6.35064645e-01,   8.44593793e-01, 
              3.94095825e-01,   8.75274153e-01,  -6.36331146e-01,  -7.05211786e-01,  -5.33795042e-02, 
             -2.36817532e+00,   2.89787874e-01,  -1.73250435e+00,  -3.34482975e-01,  -3.88122457e-01, 
              4.81708112e-01,  -8.96159883e-01,  -1.00969938e+00,  -9.37781799e-02,   6.13020175e-01, 
              1.11791614e+00,  -6.83543953e-01,  -2.23258531e-01,   8.56637904e-01,   1.42675689e+00, 
             -1.68572073e+00,   1.59192224e+00,   9.82380926e-01,  -4.90034546e-01,  -1.20093206e+00, 
              2.41580706e-01,   2.19721037e+00,   5.94750419e-01,  -1.28351304e+00,  -8.17491940e-02, 
              1.47140244e-02,  -6.56304536e-01,   1.04914700e+00,   4.42492260e-01,  -1.58164532e+00, 
              1.77139680e+00,  -4.40528794e-01,   1.85617862e+00,  -1.45388461e+00,   4.30156641e-01, 
              9.89462784e-01,   5.48208498e-02,   9.10497516e-01,  -2.02346940e+00,   1.66871961e+00, 
              2.01685878e+00,   6.59158646e-01,   1.12119553e+00,  -5.30172003e-01,   1.08442443e+00, 
             -1.56821292e+00,   2.15219310e-01,   1.70693065e-01,   1.22624914e+00,  -1.40507232e+00, 
             -1.70297571e-01,  -8.18590691e-01,   1.49685272e-01,   6.82012205e-01,   2.15669735e+00, 
              1.05895958e+00,   1.42470636e+00,   2.44765331e-01,  -3.90686681e-01,  -1.39457515e+00, 
             -8.29700606e-01,   6.43747490e-01,   1.36741531e+00,   1.76099271e+00,  -7.68076489e-01, 
             -6.49239252e-01,   2.67586460e-01,  -6.60140525e-01,   9.54149352e-01,  -1.50992806e+00, 
             -1.12826829e+00,   5.77952676e-01,  -1.33905205e-01,   8.48122840e-01,  -1.54209034e+00, 
             -1.51650811e+00,  -5.66978793e-01,   7.07083753e-01,   1.51139543e+00,  -4.60529481e-01, 
             -1.35128149e+00,  -1.20465902e+00,   1.33688020e-01,  -1.73212604e+00,  -6.58250899e-02, 
              3.81980987e-01,   5.42739428e-01,  -2.76549111e-02,  -1.03332481e-01,   1.14377655e+00, 
             -1.00877483e+00,   8.58572691e-01,   2.05251193e-01,   5.82013136e-02,  -6.62527774e-01, 
              8.51724806e-01,   5.36876420e-01,  -9.28387622e-01,   5.29021939e-01,   9.58092579e-01, 
              1.74482797e+00,  -1.65542895e+00,  -1.03563301e+00,   3.26363509e-02,  -1.67852153e+00, 
             -1.12045579e+00,   9.94538361e-01,  -1.67414443e+00,   1.71300180e-01,  -2.41503089e+00, 
              1.61646613e+00,   5.84101662e-01,   9.44679965e-01,   4.78123954e-02,  -1.24459767e+00, 
             -1.49161915e+00,  -6.20275173e-01,   1.85011583e+00,   1.30001670e-01,  -6.04895389e-01, 
              1.31435730e+00,   1.23269797e+00,   1.15536045e+00,   1.74132183e+00,  -7.36539724e-01, 
             -2.68986926e-01,  -4.48944592e-01,   1.16973483e+00,  -4.63036613e-02,  -1.02233744e+00, 
             -8.28803860e-01,  -5.02348632e-01,  -5.70074461e-01,  -1.86028883e+00,   1.00193081e+00, 
              3.30479117e-01,  -3.62873747e-01,  -1.01308853e+00,  -3.69625539e-01,  -1.64973558e+00, 
             -4.77519004e-01,   6.07116402e-01,  -4.02635889e-01,   1.82062040e-01,   1.48108944e+00, 
              1.33144208e+00,   3.24116213e-01,  -5.49058429e-01,   5.60725504e-02,  -1.98687068e-01, 
              4.05899520e+00,  -1.14515335e+00,  -1.84835462e+00,  -1.77561792e+00,   5.48452140e-01, 
              5.64153644e-01,   2.02090273e+00,  -9.87529178e-01,   4.67447791e-01,   1.41026090e+00, 
              1.87076579e-01,   1.86665810e+00,   1.52682899e+00,   1.33369094e+00,  -1.19832241e+00, 
              6.86484140e-01,  -2.54343947e+00,  -1.44016003e+00,  -8.42606008e-01,  -5.76774614e-01, 
              6.19837039e-01,  -3.68054551e-01,   7.72310887e-01,   1.62315473e-01,   2.77151760e-01, 
              6.88256659e-01,  -8.31927796e-01,   1.40014535e+00,  -1.66269961e+00,   1.46878912e+00, 
              5.46102456e-01,  -1.48512999e+00,  -2.23275167e-01,   1.33798434e+00,   6.18445384e-01, 
             -2.85650846e+00,  -1.16852782e+00,  -6.42874572e-01,  -1.04362236e-01,  -1.45680247e+00, 
             -6.05323515e-01,  -2.74691478e-01,  -4.17801096e-01,   2.04333336e+00,   2.28517685e-02, 
             -1.32636139e-01,  -9.08993689e-01,   2.51506016e+00,   1.68525249e-01,  -1.25170102e-01, 
              4.56275607e-01,  -1.48051582e-01,   8.07299732e-01,   1.08742444e+00,  -4.16668931e-01, 
             -1.84011574e+00,   1.38792068e+00,   9.85807025e-01,  -2.00553711e+00,  -2.52982301e+00, 
             -1.47975340e+00,  -1.83127529e-01,  -1.73369019e+00,   1.09253884e+00,  -8.02626110e-01, 
              5.95950800e-01,  -1.44979209e-01,   1.19912782e+00,  -6.68265442e-01,  -9.12796962e-01, 
             -1.72243352e+00,   2.25377187e+00,  -5.98651828e-02,  -1.50733600e-01,   1.07686569e+00, 
             -8.49125823e-01,   1.31297998e+00,  -1.20164647e+00,   1.37353482e+00,   6.95736199e-02, 
             -6.10956126e-01,  -1.78294907e-01,   1.73582791e-01,  -5.80254001e-01,  -3.45980098e-01, 
             -3.43122418e-02,  -6.15645046e-01,   7.18525858e-01,  -9.10515462e-01,   3.45404485e-01, 
              6.13766476e-01,  -2.11039998e+00,  -6.41892417e-02,   6.95726109e-01,  -1.22258970e+00, 
              2.25099982e-01,   3.03926814e-01,   1.08518124e+00,  -1.03360546e+00,  -5.42621029e-01, 
              4.15955689e-01,   2.61410588e+00,   1.29057615e-01,  -4.93513689e-01,  -1.19606704e+00, 
              8.42813161e-01,   1.11317346e+00,  -3.47223581e-01,   1.40313398e+00,  -7.72834771e-01, 
             -5.55284243e-01,   4.45876508e-01,  -2.28925038e+00,   4.73412368e-02,   1.60750529e-01, 
              2.19402489e+00,   1.02276126e+00,  -1.21488736e+00,   1.05147439e-01,   1.30707189e+00, 
             -2.12904007e-02,  -1.30621754e-01,  -4.98827854e-01,   2.44514654e-01,  -3.44284815e-01, 
              1.90914751e-01,   1.11733721e+00,   1.65269500e+00,  -1.92272603e+00,  -8.04660745e-01, 
              9.07173836e-01,  -1.04721072e+00,   3.10309513e+00,  -6.96763347e-01,   2.54687246e-01, 
              1.13435166e+00,  -5.36620424e-01,  -4.46023592e-01,  -4.36119496e-01,   5.98704272e-01, 
             -9.41897010e-01,   3.18345161e-01,   1.95137772e+00,  -2.28281217e-01,  -1.42992741e+00, 
              9.43211112e-01,  -7.22250763e-01,  -4.07207510e-01,  -1.18963502e+00,  -2.94380334e-01, 
             -8.45450291e-01,  -1.51426957e-02,  -2.99229557e-01,  -2.67586862e-01,   2.14325272e-02, 
             -1.85729099e+00,   4.41512298e-01,   1.38994207e+00,  -1.03744383e-01,  -9.01195688e-01, 
             -7.36303374e-03,  -1.30169778e+00,   7.24972590e-01,  -7.12263962e-02,  -9.87627106e-01, 
              8.61842827e-01,   2.10906639e+00,   2.39971089e-01,   1.17835601e-02,   3.60418506e+00, 
              2.90934295e+00,  -1.18324501e+00,   2.69152408e+00,  -4.86091272e-01,  -8.91278038e-01, 
             -4.09453115e-01,  -1.92112765e-01,   5.80577204e-01,  -1.04898128e-01,  -1.29879323e-01, 
             -3.79564615e+00,   3.48222179e-01,   7.47126742e-01,  -1.14994655e-01,   2.92882238e-01, 
              1.15178653e-01,  -3.57259577e-01,   8.69610390e-03,  -1.50448510e+00,  -2.52045046e-01, 
             -2.47503175e+00,  -1.90270358e-02,  -4.92456314e-01,   1.18291297e+00,  -1.26109471e+00, 
              6.12073998e-02,  -4.58995573e-01,  -1.81897059e+00,   1.17866554e+00,  -4.60539986e-01, 
              1.01985590e+00,  -7.34190751e-01,   5.81507755e-01,  -1.40835339e+00,  -9.45663231e-01, 
             -9.80228772e-01,  -1.28590015e-01,  -5.61821076e-02,   7.15398417e-01,  -4.56235150e-01, 
             -2.08535041e+00,  -6.58631483e-01,   6.59641006e-01,  -4.14639634e-01,   6.19465013e-01, 
              4.95301930e-01,  -3.33466443e-01,  -1.16096610e+00,   7.28747515e-01,   4.09494033e-01, 
             -2.67830569e-01,   1.18071793e-01,  -5.84398442e-01,  -9.11203795e-01,   1.70333688e-01, 
              8.63954491e-01,   1.11437521e-01,   1.79147969e+00,  -1.73387706e+00,   5.10864264e-01, 
             -5.73113728e-01,  -1.18809151e+00,  -4.73585936e-01,  -9.86250240e-01,   1.54160015e+00, 
              1.49144681e+00,   7.13598737e-01,  -3.93069960e-01,  -1.56804903e-02,   2.47693576e-01, 
              1.53913346e+00,  -3.25250228e-01,  -8.05286794e-01,  -3.52866963e-01,   1.22523387e+00, 
             -5.03360709e-02,  -6.24478429e-01,   7.34070312e-01,  -2.00220194e+00,   1.21389186e-01, 
             -5.93049629e-01,  -2.14838723e-01,   8.93296529e-01,  -3.17982810e-02,  -1.15339350e+00, 
              7.20484953e-01,  -2.13384390e-02,   1.45715638e-01,   2.16724374e+00,  -4.34877552e-01, 
              3.25024046e-02,   2.18686418e-01,  -5.51966371e-01,  -6.52275007e-01,   8.01330970e-01, 
             -6.00641872e-01,  -4.10084474e-01,   6.87713550e-01,   2.18381867e-01,  -1.76379475e+00, 
             -1.12116107e+00,   1.24827975e+00,   8.17644072e-01,   1.59917831e+00,  -2.48442859e+00, 
             -7.90684497e-01,   5.44499217e-01,   7.06696090e-01,  -1.07210962e+00,  -5.93315805e-01, 
             -1.04862517e+00,  -2.79884132e-01,  -1.55337824e+00,   1.14306518e-02,  -6.07997995e-01, 
             -6.18318113e-01,   1.57534476e-01,   7.07338920e-01,   1.19024319e+00,  -3.21258200e-01, 
             -6.74994654e-01,   1.26592475e+00,  -1.33576458e+00,   1.00476301e+00,  -7.20430928e-01, 
              1.31147629e+00,   1.85131102e-01,   6.22964193e-01,   3.07753982e-01,   3.23146428e-01, 
              2.80338242e-01,  -1.49256430e+00,  -9.05173315e-02,  -1.57571668e+00,   2.14661893e+00, 
              4.13471933e-01,  -1.42922337e+00,   3.27594791e-01,  -5.37866664e-01,  -6.90734035e-01, 
              1.00432801e+00,   2.19470679e+00,  -5.92489759e-01,  -1.10803202e+00,  -4.37310699e-01, 
              9.75244386e-01,   7.77297593e-01,  -7.58597304e-01,  -2.06724218e-01,   1.30596157e+00, 
             -5.16987384e-01,  -1.17247501e-01,   3.50927516e-01,   3.76515908e-02,   1.69597373e-01, 
              5.15705169e-02,  -2.80612634e+00,   1.29494901e+00,   1.68297024e-01,  -7.74275279e-01, 
             -4.73392770e-02,   2.41579181e+00,  -1.40949007e+00,  -2.85945241e-01,  -9.02004015e-01, 
             -7.67869917e-01,  -1.63363583e+00,  -7.36641525e-01,   4.12508544e-01,  -2.74209104e-03, 
             -8.71254587e-01,  -1.31159803e-01,   8.72363242e-01,  -2.51206655e-01,   2.15049435e+00, 
             -1.27495121e+00,  -2.02828971e+00,  -8.41861728e-01,  -1.14418101e-01,   4.51832994e-01, 
             -1.88510400e+00,  -7.26239419e-01,   1.97889074e-02,  -2.63344854e-01,   1.03633706e+00, 
             -1.45747449e+00,   1.29574326e+00,  -4.27801225e-02,  -1.44630172e+00,   4.32036391e-01, 
              1.16509835e+00,  -6.03963755e-01,   7.14521207e-01,   1.16352485e+00,  -9.90623323e-01, 
             -7.00425737e-02,   1.69024342e-02,  -1.37326618e-01,   7.85958254e-01,  -5.84577334e-01, 
              1.05006753e+00,   1.16580900e+00,  -5.02249762e-01,   1.37842918e+00,   2.82222859e-01, 
             -1.20671443e+00,  -1.04111146e+00,   7.80714824e-01,  -1.40175575e-01,   9.42660659e-01, 
              5.75988299e-02,   9.84963706e-01,  -1.21003131e+00,   4.39570023e-01,   9.89958864e-01, 
              1.52908665e+00,  -1.16670090e+00,  -5.57846725e-01,  -6.34291332e-01,  -6.11615717e-01, 
             -1.04128183e-01,  -1.05927522e+00,  -1.02559926e+00,   2.07851485e-01,  -7.12106781e-01, 
              1.27492026e+00,   1.04665547e+00,   4.78848925e-01,   5.94012224e-01,  -1.54823181e+00, 
              1.23938088e+00,   2.54001455e+00,  -9.66938993e-01,  -1.44114709e+00,   5.76052017e-01, 
              4.01923813e-01,   5.62985674e-01,  -3.71453798e-01,   3.85809771e-02,   8.09925255e-02, 
              1.81506533e+00,  -1.50935653e+00,   1.71566969e-01,  -1.19147853e+00,   1.28969873e+00, 
              1.82656333e+00,   3.74472508e-01,   4.89603360e-01,  -2.91474846e-01,   1.45445063e+00, 
              1.67964822e-01,   1.14331466e-01,   2.73170119e-02,  -1.25969008e+00,   8.74949218e-01, 
              1.89109293e+00,   4.33283523e-01,   1.31769313e+00,  -2.19401312e-01,   1.73627498e-01, 
             -1.06562977e+00,  -4.25376301e-03,   8.27833751e-02,   1.67693677e-01,   5.87962885e-02, 
             -7.85040944e-01,  -1.87648529e+00,   2.53000916e-01,   1.02348102e-01,   1.88079799e+00, 
              7.59349152e-01,  -2.19829517e+00,   7.32345690e-01,  -6.66364989e-01,   1.66051441e+00, 
              5.28711605e-01,   7.19414652e-01,   8.67890467e-01,   6.11021084e-01,  -1.08656892e+00, 
             -1.35660699e+00,  -2.13013831e+00,   5.35737976e-02,   2.23893991e+00,  -1.21946647e-02, 
             -1.81421971e-01,  -1.59543027e+00,  -1.98634121e+00,  -2.69015257e+00,   2.15814517e-01, 
             -5.23696128e-01,  -1.13397659e-01,   1.60386678e+00,  -5.12863318e-03,   1.61719434e+00, 
             -1.82767942e+00,   2.04711013e-01,  -1.15924616e+00,   9.44247635e-01,   1.45931353e+00, 
             -1.67123759e+00,   1.70210069e-02,  -1.92638561e+00,  -7.52936127e-01,   4.31480996e-01, 
              8.88201808e-01,   6.92088684e-01,  -1.66861679e+00,  -5.40966261e-01,   1.25033928e+00, 
             -4.52245304e-01,   7.14518770e-01,  -8.47229532e-01,   1.13455653e+00,  -7.83698098e-01, 
              1.26302140e+00,   5.11762714e-02,   1.45725388e+00,  -1.00257500e+00,  -3.16445592e-01, 
             -1.63751574e+00,  -3.08141603e-01,  -3.06789920e-01,  -2.38128538e+00,  -1.07875136e+00, 
             -5.60577773e-01,   1.03265370e+00,   2.15326392e-02,   2.63897615e+00,   3.75363027e-02, 
             -4.48348751e-01,  -2.11584189e-01,  -2.94610108e-01,  -1.25426837e+00,  -7.28161398e-01, 
              9.95797560e-01,  -1.34727646e+00,  -1.27818182e+00,  -3.23686605e-01,   7.85169180e-01, 
             -1.30055126e-01,   1.96724944e+00,  -7.48064886e-01,  -1.05503319e+00,  -1.64941384e+00, 
              1.01591336e+00,  -1.23647837e-01,   1.64821670e+00,  -4.26579384e-01,   1.05747178e+00, 
             -1.23861338e+00,  -7.35347544e-01,   1.06576525e+00,   1.09452579e-01,  -6.22600124e-01, 
             -1.93850610e+00,  -3.00074663e-01,  -7.51128971e-01,   7.01225816e-01,  -1.21916692e+00, 
             -2.00990367e-01,   2.28197933e+00,   8.13598623e-01,   1.81957089e+00,  -5.00416331e-01, 
             -8.45532413e-01,  -3.29684840e-01,  -1.46332562e-01,  -3.47613204e-01,   1.30216940e+00, 
             -7.59006289e-01,   6.61054306e-02,   2.61732220e-01,  -9.83346168e-01,   1.24339967e+00, 
              1.16835578e+00,   1.81082269e+00,   7.38619647e-01,  -2.96533115e-01,   5.74921872e-01, 
              2.62727374e-01,  -8.90133913e-01,   5.55288621e-01,   1.79859223e+00,  -9.18117086e-01, 
             -2.19559971e-01,   4.94602106e-01,  -7.52626854e-01,   4.40252765e-01,  -5.39922007e-01, 
             -9.18196035e-01,   7.35105550e-01,   1.32072635e+00,  -8.35729463e-01,   1.24697092e+00, 
              3.39266606e-01 ]
         </p>
         <m shape='(108)'>
          [   3.67494322e+03,   3.67494322e+03,   3.67494322e+03,   3.67494322e+03,   3.67494322e+03, 
              3.67494322e+03,   3.67494322e+03,   3.67494322e+03,   3.67494322e+03,   3.67494322e+03, 
              3.67494322e+03,   3.67494322e+03,   3.67494322e+03,   3.67494322e+03,   3.67494322e+03, 
              3.67494322e+03,   3.67494322e+03,   3.67494322e+03,   3.67494322e+03,   3.67494322e+03, 
              3.67494322e+03,   3.67494322e+03,   3.67494322e+03,   3.67494322e+03,   3.67494322e+03, 
              3.67494322e+03,   3.67494322e+03,   3.67494322e+03,   3.67494322e+03,   3.67494322e+03, 
              3.67494322e+03,   3.67494322e+03,   3.67494322e+03,   3.67494322e+03,   3.67494322e+03, 
              3.67494322e+03,   3.67494322e+03,   3.67494322e+03,   3.67494322e+03,   3.67494322e+03, 
              3.67494322e+03,   3.67494322e+03,   3.67494322e+03,   3.67494322e+03,   3.67494322e+03, 
              3.67494322e+03,   3.67494322e+03,   3.67494322e+03,   3.67494322e+03,   3.67494322e+03, 
              3.67494322e+03,   3.67494322e+03,   3.67494322e+03,   3.67494322e+03,   3.67494322e+03, 
              3.67494322e+03,   3.67494322e+03,   3.67494322e+03,   3.67494322e+03,   3.67494322e+03, 
              3.67494322e+03,   3.67494322e+03,   3.67494322e+03,   3.67494322e+03,   3.67494322e+03, 
              3.67494322e+03,   3.67494322e+03,   3.67494322e+03,   3.67494322e+03,   3.67494322e+03, 
              3.67494322e+03,   3.67494322e+03,   3.67494322e+03,   3.67494322e+03,   3.67494322e+03, 
              3.67494322e+03,   3.67494322e+03,   3.67494322e+03,   3.67494322e+03,   3.67494322e+03, 
              3.67494322e+03,   3.67494322e+03,   3.67494322e+03,   3.67494322e+03,   3.67494322e+03, 
              3.67494322e+03,   3.67494322e+03,   3.67494322e+03,   3.67494322e+03,   3.67494322e+03, 
              3.67494322e+03,   3.67494322e+03,   3.67494322e+03,   3.67494322e+03,   3.67494322e+03, 
              3.67494322e+03,   3.67494322e+03,   3.67494322e+03,   3.67494322e+03,   3.67494322e+03, 
              3.67494322e+03,   3.67494322e+03,   3.67494322e+03,   3.67494322e+03,   3.67494322e+03, 
              3.67494322e+03,   3.67494322e+03,   3.67494322e+03 ]
         </m>
         <names shape='(108)'>
          [ H2, H2, H2, H2, H2, 
            H2, H2, H2, H2, H2, 
            H2, H2, H2, H2, H2, 
            H2, H2, H2, H2, H2, 
            H2, H2, H2, H2, H2, 
            H2, H2, H2, H2, H2, 
            H2, H2, H2, H2, H2, 
            H2, H2, H2, H2, H2, 
            H2, H2, H2, H2, H2, 
            H2, H2, H2, H2, H2, 
            H2, H2, H2, H2, H2, 
            H2, H2, H2, H2, H2, 
            H2, H2, H2, H2, H2, 
            H2, H2, H2, H2, H2, 
            H2, H2, H2, H2, H2, 
            H2, H2, H2, H2, H2, 
            H2, H2, H2, H2, H2, 
            H2, H2, H2, H2, H2, 
            H2, H2, H2, H2, H2, 
            H2, H2, H2, H2, H2, 
            H2, H2, H2, H2, H2, 
            H2, H2, H2 ]
         </names>
      </beads>
      <motion mode='dynamics'>
         <dynamics mode='nvt'>
            <timestep>  4.13413730e+01</timestep>
            <thermostat mode='pile_g'>
               <tau>  1.03353433e+03</tau>
               <ethermo> -1.43007352e-01</ethermo>
            </thermostat>
         </dynamics>
      </motion>
      <forces>
         <force forcefield='driver'>
         </force>
      </forces>
      <ensemble>
         <temperature>  7.91703800e-05</temperature>
         <eens>  1.66566404e-04</eens>
      </ensemble>
   </system>
</simulation>
