# column   1     --> step : The current simulation time step.
# column   2     --> time{picosecond} : The elapsed simulation time.
# column   3     --> conserved : The value of the conserved energy quantity per bead.
# column   4     --> temperature{kelvin} : The current temperature, as obtained from the MD kinetic energy.
# column   5     --> kinetic_cv : The centroid-virial quantum kinetic energy of the physical system.
# column   6     --> potential : The physical system potential energy.
# column   7     --> pressure_cv{megapascal} : The quantum estimator for pressure of the physical system.
    0.00000000e+00     0.00000000e+00    -1.27649106e+00     2.99627013e+02     9.17287024e-01    -2.20155242e+00    -7.12366883e+02   
    1.00000000e+00     1.50000000e-03    -1.39881740e+00     4.26045302e+02     9.17287024e-01    -2.73508870e+00    -4.82345636e+02   
    2.00000000e+00     3.00000000e-03    -1.43847857e+00     4.70314088e+02     9.17287024e-01    -2.92643902e+00     4.54642414e+02   
    3.00000000e+00     4.50000000e-03    -1.28020301e+00     3.62501149e+02     9.17287024e-01    -2.45850532e+00     1.35668931e+03   
    4.00000000e+00     6.00000000e-03    -1.42867018e+00     4.88154404e+02     9.17287024e-01    -3.01659458e+00    -4.36447223e+02   
    5.00000000e+00     7.50000000e-03    -1.40136468e+00     4.50075348e+02     9.17287024e-01    -2.89519009e+00    -1.45213088e+03   
    6.00000000e+00     9.00000000e-03    -1.29644408e+00     3.30705081e+02     9.17287024e-01    -2.44807869e+00    -1.00929390e+03   
    7.00000000e+00     1.05000000e-02    -1.41346321e+00     4.53095286e+02     9.17287024e-01    -2.94604893e+00    -8.22387061e+02   
    8.00000000e+00     1.20000000e-02    -1.41437430e+00     4.53889373e+02     9.17287024e-01    -2.96556401e+00     3.36550311e+02   
    9.00000000e+00     1.35000000e-02    -1.31140787e+00     3.79563101e+02     9.17287024e-01    -2.67300031e+00     1.07972818e+03   
    1.00000000e+01     1.50000000e-02    -1.43517348e+00     4.88020252e+02     9.17287024e-01    -3.16127962e+00    -4.90924760e+02   
    1.10000000e+01     1.65000000e-02    -1.39030910e+00     4.25982882e+02     9.17287024e-01    -2.96062288e+00    -1.36577017e+03   
    1.20000000e+01     1.80000000e-02    -1.32996852e+00     3.43947832e+02     9.17287024e-01    -2.66502767e+00    -1.19607732e+03   
    1.30000000e+01     1.95000000e-02    -1.42091607e+00     4.22308252e+02     9.17287024e-01    -3.00553628e+00    -8.35364233e+02   
    1.40000000e+01     2.10000000e-02    -1.38957854e+00     3.85521058e+02     9.17287024e-01    -2.89044556e+00     4.53612006e+02   
    1.50000000e+01     2.25000000e-02    -1.35729365e+00     3.59024156e+02     9.17287024e-01    -2.79711943e+00     9.08202244e+02   
    1.60000000e+01     2.40000000e-02    -1.43228336e+00     4.31658361e+02     9.17287024e-01    -3.13546128e+00    -3.87564043e+02   
    1.70000000e+01     2.55000000e-02    -1.39172038e+00     3.88118787e+02     9.17287024e-01    -2.98484886e+00    -1.21890815e+03   
    1.80000000e+01     2.70000000e-02    -1.36681265e+00     3.56867105e+02     9.17287024e-01    -2.87380913e+00    -1.33837449e+03   
    1.90000000e+01     2.85000000e-02    -1.42160424e+00     4.01760295e+02     9.17287024e-01    -3.06527784e+00    -9.42768981e+02   
    2.00000000e+01     3.00000000e-02    -1.38180540e+00     3.70096630e+02     9.17287024e-01    -2.92460003e+00     2.19800628e+02   
    2.10000000e+01     3.15000000e-02    -1.37841724e+00     3.61356841e+02     9.17287024e-01    -2.90728873e+00     6.01138005e+02   
    2.20000000e+01     3.30000000e-02    -1.41398830e+00     4.00563449e+02     9.17287024e-01    -3.07653673e+00    -2.14903867e+02   
    2.30000000e+01     3.45000000e-02    -1.38820160e+00     3.75560961e+02     9.17287024e-01    -2.99433156e+00    -9.89981709e+02   
    2.40000000e+01     3.60000000e-02    -1.38589030e+00     3.69884968e+02     9.17287024e-01    -2.98296190e+00    -1.32398470e+03   
    2.50000000e+01     3.75000000e-02    -1.41009301e+00     3.74348452e+02     9.17287024e-01    -3.04968049e+00    -9.58622089e+02   
    2.60000000e+01     3.90000000e-02    -1.39282878e+00     3.45604786e+02     9.17287024e-01    -2.96171019e+00     8.98090573e+00   
    2.70000000e+01     4.05000000e-02    -1.39142077e+00     3.42367950e+02     9.17287024e-01    -2.96716906e+00     4.70207909e+02   
    2.80000000e+01     4.20000000e-02    -1.40501376e+00     3.57163082e+02     9.17287024e-01    -3.04222161e+00     6.12417914e+01   
    2.90000000e+01     4.35000000e-02    -1.38814975e+00     3.51417539e+02     9.17287024e-01    -3.02555740e+00    -6.41201185e+02   
    3.00000000e+01     4.50000000e-02    -1.40330366e+00     3.64449053e+02     9.17287024e-01    -3.09064407e+00    -1.16558366e+03   
    3.10000000e+01     4.65000000e-02    -1.39778385e+00     3.60585295e+02     9.17287024e-01    -3.07839842e+00    -9.50315551e+02   
    3.20000000e+01     4.80000000e-02    -1.40297921e+00     3.49012573e+02     9.17287024e-01    -3.06849847e+00    -3.25702977e+02   
    3.30000000e+01     4.95000000e-02    -1.40087167e+00     3.49202606e+02     9.17287024e-01    -3.05994772e+00     1.94364777e+02   
    3.40000000e+01     5.10000000e-02    -1.39940046e+00     3.37016608e+02     9.17287024e-01    -3.03065677e+00     1.99707339e+02   
    3.50000000e+01     5.25000000e-02    -1.38909853e+00     3.38864154e+02     9.17287024e-01    -3.04245997e+00    -3.31228515e+02   
    3.60000000e+01     5.40000000e-02    -1.41250517e+00     3.57622076e+02     9.17287024e-01    -3.13248420e+00    -9.23234793e+02   
    3.70000000e+01     5.55000000e-02    -1.38617229e+00     3.50040607e+02     9.17287024e-01    -3.06788182e+00    -8.65885236e+02   
    3.80000000e+01     5.70000000e-02    -1.40085994e+00     3.56786919e+02     9.17287024e-01    -3.09705867e+00    -4.89417828e+02   
    3.90000000e+01     5.85000000e-02    -1.39667695e+00     3.58386346e+02     9.17287024e-01    -3.08523773e+00     5.77234486e+01   
    4.00000000e+01     6.00000000e-02    -1.39474683e+00     3.39337788e+02     9.17287024e-01    -3.03347658e+00     3.24735475e+02   
    4.10000000e+01     6.15000000e-02    -1.38189990e+00     3.42167970e+02     9.17287024e-01    -3.02694100e+00     1.65821741e+01   
    4.20000000e+01     6.30000000e-02    -1.40458125e+00     3.62190739e+02     9.17287024e-01    -3.11194195e+00    -6.28438449e+02   
    4.30000000e+01     6.45000000e-02    -1.38878099e+00     3.55633908e+02     9.17287024e-01    -3.08602930e+00    -8.81868888e+02   
    4.40000000e+01     6.60000000e-02    -1.39293592e+00     3.63120634e+02     9.17287024e-01    -3.11060104e+00    -7.05054403e+02   
    4.50000000e+01     6.75000000e-02    -1.38894482e+00     3.63953426e+02     9.17287024e-01    -3.10184319e+00    -1.55286829e+02   
    4.60000000e+01     6.90000000e-02    -1.39513518e+00     3.46553207e+02     9.17287024e-01    -3.07832843e+00     2.40495566e+02   
    4.70000000e+01     7.05000000e-02    -1.38226944e+00     3.33923010e+02     9.17287024e-01    -3.03278363e+00     1.63510715e+02   
    4.80000000e+01     7.20000000e-02    -1.39440792e+00     3.42323910e+02     9.17287024e-01    -3.07545849e+00    -4.03508489e+02   
    4.90000000e+01     7.35000000e-02    -1.39827787e+00     3.48938233e+02     9.17287024e-01    -3.10418004e+00    -8.67802320e+02   
    5.00000000e+01     7.50000000e-02    -1.38988315e+00     3.51937161e+02     9.17287024e-01    -3.10497065e+00    -8.00126316e+02   
    5.10000000e+01     7.65000000e-02    -1.38959931e+00     3.58086661e+02     9.17287024e-01    -3.12549664e+00    -3.04043972e+02   
    5.20000000e+01     7.80000000e-02    -1.39815310e+00     3.53337272e+02     9.17287024e-01    -3.14422115e+00     1.62686052e+02   
    5.30000000e+01     7.95000000e-02    -1.38410727e+00     3.39579496e+02     9.17287024e-01    -3.08476845e+00     2.71620022e+02   
    5.40000000e+01     8.10000000e-02    -1.39346860e+00     3.37193632e+02     9.17287024e-01    -3.10515797e+00    -2.40574978e+02   
    5.50000000e+01     8.25000000e-02    -1.40080485e+00     3.42187165e+02     9.17287024e-01    -3.13993398e+00    -8.26035712e+02   
    5.60000000e+01     8.40000000e-02    -1.38963645e+00     3.38915900e+02     9.17287024e-01    -3.11723757e+00    -8.42994253e+02   
    5.70000000e+01     8.55000000e-02    -1.39179285e+00     3.40857229e+02     9.17287024e-01    -3.14105699e+00    -3.64759133e+02   
    5.80000000e+01     8.70000000e-02    -1.39721630e+00     3.40579228e+02     9.17287024e-01    -3.16418362e+00     1.86146342e+02   
    5.90000000e+01     8.85000000e-02    -1.39061192e+00     3.29491361e+02     9.17287024e-01    -3.11796260e+00     3.65552490e+02   
    6.00000000e+01     9.00000000e-02    -1.39175932e+00     3.22325849e+02     9.17287024e-01    -3.10620829e+00    -9.91535930e+01   
    6.10000000e+01     9.15000000e-02    -1.40041898e+00     3.24440221e+02     9.17287024e-01    -3.14567298e+00    -7.73270076e+02   
    6.20000000e+01     9.30000000e-02    -1.38720476e+00     3.26455339e+02     9.17287024e-01    -3.13129424e+00    -8.68539799e+02   
    6.30000000e+01     9.45000000e-02    -1.39366445e+00     3.37226532e+02     9.17287024e-01    -3.17465730e+00    -4.18819272e+02   
    6.40000000e+01     9.60000000e-02    -1.39589077e+00     3.48300533e+02     9.17287024e-01    -3.22060080e+00     1.42437441e+02   
    6.50000000e+01     9.75000000e-02    -1.39506376e+00     3.42634388e+02     9.17287024e-01    -3.22182772e+00     3.01023181e+02   
    6.60000000e+01     9.90000000e-02    -1.39404968e+00     3.37978459e+02     9.17287024e-01    -3.20035074e+00    -7.97260983e+01   
    6.70000000e+01     1.00500000e-01    -1.39747652e+00     3.41650354e+02     9.17287024e-01    -3.21596268e+00    -6.90963777e+02   
    6.80000000e+01     1.02000000e-01    -1.38728431e+00     3.39701106e+02     9.17287024e-01    -3.20259248e+00    -8.53707574e+02   
    6.90000000e+01     1.03500000e-01    -1.39660392e+00     3.36647406e+02     9.17287024e-01    -3.22110326e+00    -4.65022893e+02   
    7.00000000e+01     1.05000000e-01    -1.39261417e+00     3.38629937e+02     9.17287024e-01    -3.21876891e+00     1.06578017e+02   
    7.10000000e+01     1.06500000e-01    -1.39720550e+00     3.40931902e+02     9.17287024e-01    -3.24234697e+00     2.27674760e+02   
    7.20000000e+01     1.08000000e-01    -1.39717037e+00     3.35748220e+02     9.17287024e-01    -3.22209633e+00    -8.78582093e+01   
    7.30000000e+01     1.09500000e-01    -1.38917806e+00     3.28242078e+02     9.17287024e-01    -3.18810344e+00    -5.45856700e+02   
    7.40000000e+01     1.11000000e-01    -1.38422603e+00     3.31045732e+02     9.17287024e-01    -3.18812212e+00    -7.18700687e+02   
    7.50000000e+01     1.12500000e-01    -1.40078790e+00     3.39059004e+02     9.17287024e-01    -3.23139673e+00    -4.36777587e+02   
    7.60000000e+01     1.14000000e-01    -1.39035844e+00     3.28586361e+02     9.17287024e-01    -3.20674196e+00     6.16729616e+01   
    7.70000000e+01     1.15500000e-01    -1.39747233e+00     3.42913626e+02     9.17287024e-01    -3.25963315e+00     1.03430104e+02   
    7.80000000e+01     1.17000000e-01    -1.40063452e+00     3.36888380e+02     9.17287024e-01    -3.26938461e+00    -1.90781668e+02   
    7.90000000e+01     1.18500000e-01    -1.38910074e+00     3.25872386e+02     9.17287024e-01    -3.22665348e+00    -4.68177964e+02   
    8.00000000e+01     1.20000000e-01    -1.39983553e+00     3.36951399e+02     9.17287024e-01    -3.26595613e+00    -5.82713565e+02   
    8.10000000e+01     1.21500000e-01    -1.41051589e+00     3.34899908e+02     9.17287024e-01    -3.28037738e+00    -3.27496247e+02   
    8.20000000e+01     1.23000000e-01    -1.39196103e+00     3.21390154e+02     9.17287024e-01    -3.22591126e+00     4.74516155e+01   
    8.30000000e+01     1.24500000e-01    -1.40688631e+00     3.40631545e+02     9.17287024e-01    -3.29536745e+00    -2.48396638e+01   
    8.40000000e+01     1.26000000e-01    -1.41086786e+00     3.38646063e+02     9.17287024e-01    -3.29096240e+00    -2.14742754e+02   
    8.50000000e+01     1.27500000e-01    -1.38301332e+00     3.15496754e+02     9.17287024e-01    -3.18802876e+00    -2.58123125e+02   
    8.60000000e+01     1.29000000e-01    -1.41232937e+00     3.36076988e+02     9.17287024e-01    -3.27904170e+00    -3.84251631e+02   
    8.70000000e+01     1.30500000e-01    -1.40844837e+00     3.30474250e+02     9.17287024e-01    -3.27196645e+00    -1.65884189e+02   
    8.80000000e+01     1.32000000e-01    -1.38879166e+00     3.14425638e+02     9.17287024e-01    -3.21091027e+00     1.24594042e+02   
    8.90000000e+01     1.33500000e-01    -1.40843657e+00     3.32694541e+02     9.17287024e-01    -3.30431215e+00    -5.43576849e+01   
    9.00000000e+01     1.35000000e-01    -1.41205053e+00     3.35185628e+02     9.17287024e-01    -3.31773486e+00    -2.68560006e+02   
    9.10000000e+01     1.36500000e-01    -1.38312831e+00     3.13299808e+02     9.17287024e-01    -3.21753100e+00    -2.67779519e+02   
    9.20000000e+01     1.38000000e-01    -1.41958206e+00     3.41655018e+02     9.17287024e-01    -3.34369191e+00    -4.03402195e+02   
    9.30000000e+01     1.39500000e-01    -1.40453703e+00     3.38391468e+02     9.17287024e-01    -3.33066331e+00    -1.76870231e+02   
    9.40000000e+01     1.41000000e-01    -1.39265592e+00     3.22959624e+02     9.17287024e-01    -3.28630509e+00     6.36800746e+01   
    9.50000000e+01     1.42500000e-01    -1.40540543e+00     3.46392617e+02     9.17287024e-01    -3.36525016e+00    -9.73056987e+01   
    9.60000000e+01     1.44000000e-01    -1.40917270e+00     3.41830886e+02     9.17287024e-01    -3.36799216e+00    -2.92697713e+02   
    9.70000000e+01     1.45500000e-01    -1.38694455e+00     3.17993949e+02     9.17287024e-01    -3.28416512e+00    -2.79451186e+02   
    9.80000000e+01     1.47000000e-01    -1.41616564e+00     3.36839415e+02     9.17287024e-01    -3.36496473e+00    -2.87688137e+02   
    9.90000000e+01     1.48500000e-01    -1.39645330e+00     3.22120484e+02     9.17287024e-01    -3.30925816e+00     8.72884306e+00   
    1.00000000e+02     1.50000000e-01    -1.39191770e+00     3.10733529e+02     9.17287024e-01    -3.27775210e+00     1.72977122e+02   
    1.01000000e+02     1.51500000e-01    -1.40062466e+00     3.17602873e+02     9.17287024e-01    -3.32257050e+00    -2.87834321e+01   
    1.02000000e+02     1.53000000e-01    -1.40063473e+00     3.11447447e+02     9.17287024e-01    -3.29895279e+00    -2.06742888e+02   
    1.03000000e+02     1.54500000e-01    -1.38255563e+00     3.02966113e+02     9.17287024e-01    -3.24977827e+00    -2.14240026e+02   
    1.04000000e+02     1.56000000e-01    -1.40963168e+00     3.15086694e+02     9.17287024e-01    -3.32094480e+00    -1.83614788e+02   
    1.05000000e+02     1.57500000e-01    -1.38743341e+00     3.07133914e+02     9.17287024e-01    -3.26358249e+00     1.21027180e+02   
    1.06000000e+02     1.59000000e-01    -1.38911613e+00     3.12752652e+02     9.17287024e-01    -3.28648949e+00     1.82534309e+02   
    1.07000000e+02     1.60500000e-01    -1.39323134e+00     3.20442594e+02     9.17287024e-01    -3.33031932e+00    -2.44684723e+01   
    1.08000000e+02     1.62000000e-01    -1.39278551e+00     3.20821294e+02     9.17287024e-01    -3.32657469e+00    -1.99795658e+02   
    1.09000000e+02     1.63500000e-01    -1.38085088e+00     3.27115259e+02     9.17287024e-01    -3.32215499e+00    -2.32714077e+02   
    1.10000000e+02     1.65000000e-01    -1.40442657e+00     3.34313981e+02     9.17287024e-01    -3.38420381e+00    -1.95730524e+02   
    1.11000000e+02     1.66500000e-01    -1.38105330e+00     3.21227283e+02     9.17287024e-01    -3.32923036e+00     6.10644057e+01   
    1.12000000e+02     1.68000000e-01    -1.38837388e+00     3.24460340e+02     9.17287024e-01    -3.36108543e+00     9.53492001e+01   
    1.13000000e+02     1.69500000e-01    -1.38841562e+00     3.30049393e+02     9.17287024e-01    -3.36828116e+00     2.63967770e+00   
    1.14000000e+02     1.71000000e-01    -1.38570557e+00     3.17736873e+02     9.17287024e-01    -3.34615941e+00    -1.09870684e+02   
    1.15000000e+02     1.72500000e-01    -1.38136490e+00     3.22119090e+02     9.17287024e-01    -3.35711648e+00    -1.82683278e+02   
    1.16000000e+02     1.74000000e-01    -1.39995964e+00     3.29171643e+02     9.17287024e-01    -3.39091019e+00    -1.64922382e+02   
    1.17000000e+02     1.75500000e-01    -1.36700044e+00     3.11044193e+02     9.17287024e-01    -3.30299272e+00     6.49148191e+01   
    1.18000000e+02     1.77000000e-01    -1.38800021e+00     3.24767767e+02     9.17287024e-01    -3.35727595e+00     6.22698111e+01   
    1.19000000e+02     1.78500000e-01    -1.37550508e+00     3.16453389e+02     9.17287024e-01    -3.31390331e+00     6.53208724e+01   
    1.20000000e+02     1.80000000e-01    -1.37720654e+00     3.15665981e+02     9.17287024e-01    -3.30410428e+00    -2.03412047e+01   
    1.21000000e+02     1.81500000e-01    -1.37659187e+00     3.24993974e+02     9.17287024e-01    -3.33502190e+00    -1.01529277e+02   
    1.22000000e+02     1.83000000e-01    -1.38848989e+00     3.21028343e+02     9.17287024e-01    -3.35070659e+00    -9.25970129e+01   
    1.23000000e+02     1.84500000e-01    -1.35621104e+00     3.12204421e+02     9.17287024e-01    -3.28476940e+00     5.82417420e+01   
    1.24000000e+02     1.86000000e-01    -1.37585120e+00     3.25391303e+02     9.17287024e-01    -3.35124763e+00     1.68053915e+01   
    1.25000000e+02     1.87500000e-01    -1.36205864e+00     3.05619996e+02     9.17287024e-01    -3.29595043e+00     6.32290107e+01   
    1.26000000e+02     1.89000000e-01    -1.36937453e+00     3.07092173e+02     9.17287024e-01    -3.32078874e+00     1.08065977e+00   
    1.27000000e+02     1.90500000e-01    -1.37154958e+00     3.20328323e+02     9.17287024e-01    -3.36769187e+00    -5.88678902e+01   
    1.28000000e+02     1.92000000e-01    -1.37635038e+00     3.15861725e+02     9.17287024e-01    -3.35950420e+00    -6.84998616e+01   
    1.29000000e+02     1.93500000e-01    -1.35380140e+00     3.11966844e+02     9.17287024e-01    -3.34432316e+00    -1.02520129e+02   
    1.30000000e+02     1.95000000e-01    -1.35300905e+00     3.26497046e+02     9.17287024e-01    -3.40076069e+00    -1.80946374e+02   
    1.31000000e+02     1.96500000e-01    -1.34419285e+00     3.06161312e+02     9.17287024e-01    -3.34387614e+00    -9.05250094e+01   
    1.32000000e+02     1.98000000e-01    -1.34824487e+00     3.11032479e+02     9.17287024e-01    -3.37244688e+00    -3.63812775e+01   
    1.33000000e+02     1.99500000e-01    -1.35651466e+00     3.23982880e+02     9.17287024e-01    -3.43230101e+00    -2.65470975e+01   
    1.34000000e+02     2.01000000e-01    -1.35773254e+00     3.10630153e+02     9.17287024e-01    -3.39214703e+00    -3.33841744e+01   
    1.35000000e+02     2.02500000e-01    -1.37058486e+00     3.18980575e+02     9.17287024e-01    -3.41769844e+00    -1.91777077e+02   
    1.36000000e+02     2.04000000e-01    -1.35743442e+00     3.17731860e+02     9.17287024e-01    -3.40837048e+00    -2.62208205e+02   
    1.37000000e+02     2.05500000e-01    -1.35752551e+00     3.10184052e+02     9.17287024e-01    -3.37647379e+00    -1.67989985e+02   
    1.38000000e+02     2.07000000e-01    -1.35783402e+00     3.13533267e+02     9.17287024e-01    -3.38305334e+00    -9.08664493e+00   
    1.39000000e+02     2.08500000e-01    -1.35695277e+00     3.15652867e+02     9.17287024e-01    -3.40353567e+00     4.61244598e+01   
    1.40000000e+02     2.10000000e-01    -1.36885284e+00     3.15590703e+02     9.17287024e-01    -3.42495155e+00    -8.61513640e+01   
    1.41000000e+02     2.11500000e-01    -1.36868205e+00     3.15455219e+02     9.17287024e-01    -3.42976257e+00    -2.40034476e+02   
    1.42000000e+02     2.13000000e-01    -1.36050745e+00     3.14656922e+02     9.17287024e-01    -3.42320177e+00    -2.73614908e+02   
    1.43000000e+02     2.14500000e-01    -1.36541658e+00     3.16037595e+02     9.17287024e-01    -3.42416867e+00    -1.80796655e+02   
    1.44000000e+02     2.16000000e-01    -1.36637402e+00     3.14077646e+02     9.17287024e-01    -3.41821999e+00    -2.84132055e+01   
    1.45000000e+02     2.17500000e-01    -1.35811841e+00     3.11033570e+02     9.17287024e-01    -3.41193954e+00     1.15467482e+01   
    1.46000000e+02     2.19000000e-01    -1.37504658e+00     3.18890984e+02     9.17287024e-01    -3.45864168e+00    -1.67218036e+02   
    1.47000000e+02     2.20500000e-01    -1.35590642e+00     3.13131084e+02     9.17287024e-01    -3.42164957e+00    -2.16335702e+02   
    1.48000000e+02     2.22000000e-01    -1.35429255e+00     3.15624488e+02     9.17287024e-01    -3.43240022e+00    -1.93698849e+02   
    1.49000000e+02     2.23500000e-01    -1.36195021e+00     3.09283700e+02     9.17287024e-01    -3.43896106e+00    -9.13401524e+01   
    1.50000000e+02     2.25000000e-01    -1.36264255e+00     2.99041216e+02     9.17287024e-01    -3.40933792e+00     5.58833479e+01   
    1.51000000e+02     2.26500000e-01    -1.35181027e+00     2.93824357e+02     9.17287024e-01    -3.38395315e+00     7.77807161e+01   
    1.52000000e+02     2.28000000e-01    -1.36958174e+00     3.03875695e+02     9.17287024e-01    -3.43842203e+00    -1.46784495e+02   
    1.53000000e+02     2.29500000e-01    -1.34469802e+00     2.89810738e+02     9.17287024e-01    -3.38188230e+00    -1.68546820e+02   
    1.54000000e+02     2.31000000e-01    -1.34324514e+00     2.98278836e+02     9.17287024e-01    -3.40810917e+00    -1.19625709e+02   
    1.55000000e+02     2.32500000e-01    -1.35623514e+00     3.02787373e+02     9.17287024e-01    -3.44042644e+00    -3.10540257e+01   
    1.56000000e+02     2.34000000e-01    -1.34915915e+00     2.93087741e+02     9.17287024e-01    -3.40295493e+00     6.78650350e+01   
    1.57000000e+02     2.35500000e-01    -1.34487704e+00     2.89810999e+02     9.17287024e-01    -3.40564485e+00    -5.14777453e+00   
    1.58000000e+02     2.37000000e-01    -1.36002466e+00     3.02392242e+02     9.17287024e-01    -3.46199044e+00    -2.17124773e+02   
    1.59000000e+02     2.38500000e-01    -1.32881450e+00     2.91320655e+02     9.17287024e-01    -3.38312415e+00    -1.21131311e+02   
    1.60000000e+02     2.40000000e-01    -1.32822995e+00     3.09257149e+02     9.17287024e-01    -3.42586697e+00    -3.95821842e+01   
    1.61000000e+02     2.41500000e-01    -1.34250241e+00     3.17723849e+02     9.17287024e-01    -3.45307056e+00    -3.63432227e+00   
    1.62000000e+02     2.43000000e-01    -1.32930916e+00     2.99303557e+02     9.17287024e-01    -3.39310704e+00    -5.11279041e+00   
    1.63000000e+02     2.44500000e-01    -1.33139410e+00     3.08567268e+02     9.17287024e-01    -3.41597853e+00    -1.08900882e+02   
    1.64000000e+02     2.46000000e-01    -1.34713296e+00     3.14622841e+02     9.17287024e-01    -3.45102940e+00    -2.33214976e+02   
    1.65000000e+02     2.47500000e-01    -1.29617614e+00     2.99569454e+02     9.17287024e-01    -3.34997309e+00    -3.47127987e+01   
    1.66000000e+02     2.49000000e-01    -1.28459771e+00     3.24679624e+02     9.17287024e-01    -3.42140520e+00     4.17657625e+01   
    1.67000000e+02     2.50500000e-01    -1.28981665e+00     3.00013150e+02     9.17287024e-01    -3.38259195e+00    -2.76403801e+01   
    1.68000000e+02     2.52000000e-01    -1.29306536e+00     2.96663554e+02     9.17287024e-01    -3.38880958e+00    -8.15787004e+01   
    1.69000000e+02     2.53500000e-01    -1.29311247e+00     3.16943196e+02     9.17287024e-01    -3.45125642e+00    -1.44185714e+02   
    1.70000000e+02     2.55000000e-01    -1.29136055e+00     2.96189367e+02     9.17287024e-01    -3.38079288e+00    -1.12757047e+02   
    1.71000000e+02     2.56500000e-01    -1.33339760e+00     3.09427835e+02     9.17287024e-01    -3.45385541e+00    -1.32001445e+02   
    1.72000000e+02     2.58000000e-01    -1.31957499e+00     3.08148606e+02     9.17287024e-01    -3.43751138e+00    -3.15489528e+01   
    1.73000000e+02     2.59500000e-01    -1.32037678e+00     3.02334785e+02     9.17287024e-01    -3.42489062e+00    -1.78486131e+01   
    1.74000000e+02     2.61000000e-01    -1.32233606e+00     3.04285554e+02     9.17287024e-01    -3.43363324e+00    -3.07789823e+01   
    1.75000000e+02     2.62500000e-01    -1.32344123e+00     3.10222367e+02     9.17287024e-01    -3.46137680e+00    -1.40258115e+02   
    1.76000000e+02     2.64000000e-01    -1.32439199e+00     2.97990059e+02     9.17287024e-01    -3.42886962e+00    -1.39424198e+02   
    1.77000000e+02     2.65500000e-01    -1.34411254e+00     3.00877699e+02     9.17287024e-01    -3.45923001e+00    -9.71535803e+01   
    1.78000000e+02     2.67000000e-01    -1.32432525e+00     2.94004919e+02     9.17287024e-01    -3.41960667e+00     5.50061171e+01   
    1.79000000e+02     2.68500000e-01    -1.33352406e+00     2.91375147e+02     9.17287024e-01    -3.42133960e+00     4.61432015e+01   
    1.80000000e+02     2.70000000e-01    -1.33102334e+00     2.94954606e+02     9.17287024e-01    -3.42608136e+00    -6.69575124e+01   
    1.81000000e+02     2.71500000e-01    -1.32979582e+00     2.98770400e+02     9.17287024e-01    -3.43940645e+00    -1.86277974e+02   
    1.82000000e+02     2.73000000e-01    -1.33166387e+00     3.03488829e+02     9.17287024e-01    -3.44442435e+00    -1.89200625e+02   
    1.83000000e+02     2.74500000e-01    -1.33329709e+00     3.05804646e+02     9.17287024e-01    -3.46862652e+00    -1.23693384e+02   
    1.84000000e+02     2.76000000e-01    -1.31392721e+00     2.96444259e+02     9.17287024e-01    -3.43570382e+00     1.96605467e+01   
    1.85000000e+02     2.77500000e-01    -1.33332172e+00     2.98756575e+02     9.17287024e-01    -3.46425301e+00    -2.35631389e+01   
    1.86000000e+02     2.79000000e-01    -1.32252486e+00     2.89609970e+02     9.17287024e-01    -3.44130520e+00    -1.11861563e+02   
    1.87000000e+02     2.80500000e-01    -1.32518847e+00     2.92924024e+02     9.17287024e-01    -3.45389894e+00    -2.05156165e+02   
    1.88000000e+02     2.82000000e-01    -1.32906743e+00     2.98907742e+02     9.17287024e-01    -3.49137175e+00    -2.53989032e+02   
    1.89000000e+02     2.83500000e-01    -1.32621095e+00     3.03057214e+02     9.17287024e-01    -3.49221572e+00    -1.30355400e+02   
    1.90000000e+02     2.85000000e-01    -1.31211419e+00     2.93104330e+02     9.17287024e-01    -3.44554658e+00     6.86760848e+01   
    1.91000000e+02     2.86500000e-01    -1.33234384e+00     2.96322643e+02     9.17287024e-01    -3.47972276e+00     3.41028309e+01   
    1.92000000e+02     2.88000000e-01    -1.31780803e+00     2.88962192e+02     9.17287024e-01    -3.43066379e+00    -2.64958891e+01   
    1.93000000e+02     2.89500000e-01    -1.31774682e+00     2.83012802e+02     9.17287024e-01    -3.41220857e+00    -1.36946549e+02   
    1.94000000e+02     2.91000000e-01    -1.32167899e+00     3.04675153e+02     9.17287024e-01    -3.46512320e+00    -2.23055064e+02   
    1.95000000e+02     2.92500000e-01    -1.32840219e+00     3.06617725e+02     9.17287024e-01    -3.48338820e+00    -1.34889894e+02   
    1.96000000e+02     2.94000000e-01    -1.30612550e+00     2.93568312e+02     9.17287024e-01    -3.41212163e+00     6.65877325e+01   
    1.97000000e+02     2.95500000e-01    -1.33053396e+00     3.05952102e+02     9.17287024e-01    -3.48146480e+00    -5.63342814e+01   
    1.98000000e+02     2.97000000e-01    -1.31852999e+00     2.93845867e+02     9.17287024e-01    -3.43542176e+00    -9.05201522e+01   
    1.99000000e+02     2.98500000e-01    -1.31329210e+00     2.89134241e+02     9.17287024e-01    -3.40588673e+00    -8.44927085e+01   
    2.00000000e+02     3.00000000e-01    -1.32277491e+00     3.10221693e+02     9.17287024e-01    -3.48129836e+00    -1.58983513e+02   
    2.01000000e+02     3.01500000e-01    -1.32968250e+00     3.14644439e+02     9.17287024e-01    -3.49951938e+00    -1.14038769e+02   
    2.02000000e+02     3.03000000e-01    -1.30795763e+00     2.99272736e+02     9.17287024e-01    -3.43637190e+00    -4.09467602e+00   
    2.03000000e+02     3.04500000e-01    -1.32382868e+00     3.12307992e+02     9.17287024e-01    -3.48710978e+00    -1.13665853e+02   
    2.04000000e+02     3.06000000e-01    -1.31274966e+00     2.97425083e+02     9.17287024e-01    -3.42310567e+00    -1.00836297e+02   
    2.05000000e+02     3.07500000e-01    -1.30565068e+00     2.86679949e+02     9.17287024e-01    -3.37985679e+00    -7.35786917e+01   
    2.06000000e+02     3.09000000e-01    -1.31852807e+00     3.09041541e+02     9.17287024e-01    -3.45756588e+00    -1.36415079e+02   
    2.07000000e+02     3.10500000e-01    -1.32596733e+00     3.14327426e+02     9.17287024e-01    -3.46586194e+00    -5.46027961e+01   
    2.08000000e+02     3.12000000e-01    -1.29830258e+00     2.97545199e+02     9.17287024e-01    -3.39857103e+00     6.26515396e+01   
    2.09000000e+02     3.13500000e-01    -1.31531069e+00     3.16209571e+02     9.17287024e-01    -3.46408576e+00    -1.03727463e+02   
    2.10000000e+02     3.15000000e-01    -1.30055421e+00     2.98483392e+02     9.17287024e-01    -3.38145339e+00    -1.07287520e+02   
    2.11000000e+02     3.16500000e-01    -1.29325060e+00     2.88764687e+02     9.17287024e-01    -3.34701302e+00    -1.04102823e+02   
    2.12000000e+02     3.18000000e-01    -1.31213985e+00     3.16498882e+02     9.17287024e-01    -3.45765975e+00    -1.70518106e+02   
    2.13000000e+02     3.19500000e-01    -1.31329181e+00     3.13320741e+02     9.17287024e-01    -3.45752382e+00    -3.97856753e+01   
    2.14000000e+02     3.21000000e-01    -1.28816458e+00     3.05687928e+02     9.17287024e-01    -3.41076728e+00     8.59419247e+01   
    2.15000000e+02     3.22500000e-01    -1.29918115e+00     3.29666520e+02     9.17287024e-01    -3.49227003e+00    -8.14517325e+01   
    2.16000000e+02     3.24000000e-01    -1.28415876e+00     3.05486428e+02     9.17287024e-01    -3.39366752e+00    -1.15751754e+02   
    2.17000000e+02     3.25500000e-01    -1.27633468e+00     2.94801798e+02     9.17287024e-01    -3.35134740e+00    -1.72106955e+02   
    2.18000000e+02     3.27000000e-01    -1.29659834e+00     3.21799253e+02     9.17287024e-01    -3.46078157e+00    -2.33196667e+02   
    2.19000000e+02     3.28500000e-01    -1.29438691e+00     3.14467962e+02     9.17287024e-01    -3.43237840e+00    -3.83522167e+01   
    2.20000000e+02     3.30000000e-01    -1.27519374e+00     3.12381315e+02     9.17287024e-01    -3.40862685e+00     9.73700014e+01   
    2.21000000e+02     3.31500000e-01    -1.26880374e+00     3.35112676e+02     9.17287024e-01    -3.47540558e+00    -6.54105762e+01   
    2.22000000e+02     3.33000000e-01    -1.25678558e+00     3.04127027e+02     9.17287024e-01    -3.36433675e+00    -1.86710670e+02   
    2.23000000e+02     3.34500000e-01    -1.25052464e+00     3.03658282e+02     9.17287024e-01    -3.33921110e+00    -1.76279317e+02   
    2.24000000e+02     3.36000000e-01    -1.27641627e+00     3.35832353e+02     9.17287024e-01    -3.46497460e+00    -1.89758243e+02   
    2.25000000e+02     3.37500000e-01    -1.23641469e+00     3.01988927e+02     9.17287024e-01    -3.32985358e+00     6.70513234e+01   
    2.26000000e+02     3.39000000e-01    -1.29872932e+00     3.27300097e+02     9.17287024e-01    -3.47163946e+00    -7.17306030e+01   
    2.27000000e+02     3.40500000e-01    -1.28265228e+00     3.20374734e+02     9.17287024e-01    -3.43578633e+00    -1.30806265e+02   
    2.28000000e+02     3.42000000e-01    -1.28091076e+00     3.02713607e+02     9.17287024e-01    -3.39321077e+00    -1.99403069e+02   
    2.29000000e+02     3.43500000e-01    -1.27505750e+00     3.07482394e+02     9.17287024e-01    -3.40698612e+00    -1.37279100e+02   
    2.30000000e+02     3.45000000e-01    -1.30375299e+00     3.20936288e+02     9.17287024e-01    -3.46587746e+00    -1.27297903e+02   
    2.31000000e+02     3.46500000e-01    -1.22316856e+00     2.89686210e+02     9.17287024e-01    -3.30261749e+00     1.18982033e+02   
    2.32000000e+02     3.48000000e-01    -1.23730964e+00     3.34228958e+02     9.17287024e-01    -3.46453475e+00    -8.93911462e+01   
    2.33000000e+02     3.49500000e-01    -1.22024587e+00     3.03434519e+02     9.17287024e-01    -3.36180282e+00    -2.84662472e+02   
    2.34000000e+02     3.51000000e-01    -1.24915433e+00     3.07407036e+02     9.17287024e-01    -3.40477672e+00    -1.47366157e+02   
    2.35000000e+02     3.52500000e-01    -1.24531166e+00     3.31083021e+02     9.17287024e-01    -3.47064173e+00    -4.35580226e+01   
    2.36000000e+02     3.54000000e-01    -1.14547806e+00     3.08884215e+02     9.17287024e-01    -3.31398131e+00     7.16567874e+01   
    2.37000000e+02     3.55500000e-01    -1.05185485e+00     3.58930192e+02     9.17287024e-01    -3.38708484e+00    -7.63257851e+01   
    2.38000000e+02     3.57000000e-01    -5.87488542e-01     3.50116459e+02     9.17287024e-01    -2.91722204e+00    -1.23731314e+03   
    2.39000000e+02     3.58500000e-01     3.07083356e-01     4.07214885e+02     9.17287024e-01    -2.21190711e+00     4.93218716e+02   
    2.40000000e+02     3.60000000e-01     3.72081022e+02     1.07244874e+05     9.17287024e-01     3.11231837e+01     9.81544005e+04   
    2.41000000e+02     3.61500000e-01     2.34743650e+12     7.41219095e+14     9.17287024e-01     8.57844613e+05     1.02163666e+15   
    2.42000000e+02     3.63000000e-01     9.25891123e+12     2.88040020e+15     9.17287024e-01     1.59139991e+05     3.97010358e+15   
    2.43000000e+02     3.64500000e-01     9.26121582e+12     2.71338646e+15     9.17287024e-01     6.80475793e+04     3.73990584e+15   
    2.44000000e+02     3.66000000e-01     9.25846941e+12     2.55450379e+15     9.17287024e-01     5.60382876e+05     3.52091473e+15   
    2.45000000e+02     3.67500000e-01     9.25949733e+12     2.40606570e+15     9.17287024e-01     4.06944844e+05     3.31632017e+15   
    2.46000000e+02     3.69000000e-01     9.57137025e+12     2.36442270e+15     9.17287024e-01     2.60375277e+06     3.25892189e+15   
    2.47000000e+02     3.70500000e-01     8.78917947e+16     2.77516486e+19     9.17287024e-01     1.04331101e+08     3.82505614e+19   
    2.48000000e+02     3.72000000e-01     1.03207901e+23     3.25886094e+25     9.17287024e-01     6.31794604e+10     4.49174250e+25   
# column   1     --> step : The current simulation time step.
# column   2     --> time{picosecond} : The elapsed simulation time.
# column   3     --> conserved : The value of the conserved energy quantity per bead.
# column   4     --> temperature{kelvin} : The current temperature, as obtained from the MD kinetic energy.
# column   5     --> kinetic_cv : The centroid-virial quantum kinetic energy of the physical system.
# column   6     --> potential : The physical system potential energy.
# column   7     --> pressure_cv{megapascal} : The quantum estimator for pressure of the physical system.
