# column   1     --> step : The current simulation time step.
# column   2     --> time{picosecond} : The elapsed simulation time.
# column   3     --> conserved : The value of the conserved energy quantity per bead.
# column   4     --> temperature{kelvin} : The current temperature, as obtained from the MD kinetic energy.
# column   5     --> kinetic_cv : The centroid-virial quantum kinetic energy of the physical system.
# column   6     --> potential : The physical system potential energy.
# column   7     --> pressure_cv{megapascal} : The quantum estimator for pressure of the physical system.
    0.00000000e+00     0.00000000e+00    -1.27649106e+00     2.99627013e+02     9.17287024e-01    -2.20155242e+00    -7.12366883e+02   
    1.00000000e+00     1.50000000e-03    -1.34020113e+00     4.43496478e+02     9.17287024e-01    -2.73206017e+00     3.05290909e+02   
    2.00000000e+00     3.00000000e-03    -1.28254690e+00     4.75413941e+02     9.17287024e-01    -2.78998380e+00     2.86017322e+03   
    3.00000000e+00     4.50000000e-03    -1.02988397e+00     3.54127801e+02     9.17287024e-01    -2.18590495e+00     4.37624391e+03   
    4.00000000e+00     6.00000000e-03    -1.31633279e+00     5.04898142e+02     9.17287024e-01    -2.96014969e+00     1.30794671e+03   
    5.00000000e+00     7.50000000e-03    -1.29358243e+00     3.92281514e+02     9.17287024e-01    -2.61044251e+00    -7.03670781e+02   
    6.00000000e+00     9.00000000e-03    -1.21461283e+00     2.93954239e+02     9.17287024e-01    -2.24480280e+00    -5.93673195e+02   
    7.00000000e+00     1.05000000e-02    -1.28531987e+00     4.49121059e+02     9.17287024e-01    -2.79381378e+00     6.49762562e+02   
    8.00000000e+00     1.20000000e-02    -1.11542947e+00     3.69219807e+02     9.17287024e-01    -2.38735951e+00     3.57817794e+03   
    9.00000000e+00     1.35000000e-02    -1.06300925e+00     3.46604843e+02     9.17287024e-01    -2.29197100e+00     3.89523216e+03   
    1.00000000e+01     1.50000000e-02    -1.29065915e+00     4.74908561e+02     9.17287024e-01    -2.94074038e+00     8.28808456e+02   
    1.10000000e+01     1.65000000e-02    -1.24053783e+00     3.25229157e+02     9.17287024e-01    -2.45416071e+00    -6.15157387e+02   
    1.20000000e+01     1.80000000e-02    -1.25875623e+00     3.26287472e+02     9.17287024e-01    -2.48080083e+00    -5.20512009e+02   
    1.30000000e+01     1.95000000e-02    -1.29622647e+00     4.27893254e+02     9.17287024e-01    -2.83859783e+00     1.23267214e+03   
    1.40000000e+01     2.10000000e-02    -1.06965929e+00     2.96672553e+02     9.17287024e-01    -2.23039433e+00     4.04726140e+03   
    1.50000000e+01     2.25000000e-02    -1.18529806e+00     3.62739880e+02     9.17287024e-01    -2.56098321e+00     3.19264717e+03   
    1.60000000e+01     2.40000000e-02    -1.28819124e+00     4.03128511e+02     9.17287024e-01    -2.82548750e+00     5.28038591e+02   
    1.70000000e+01     2.55000000e-02    -1.24252279e+00     2.94962691e+02     9.17287024e-01    -2.46042552e+00    -5.87609340e+02   
    1.80000000e+01     2.70000000e-02    -1.29942313e+00     3.69189380e+02     9.17287024e-01    -2.74938018e+00    -3.43181205e+02   
    1.90000000e+01     2.85000000e-02    -1.24315989e+00     3.94330116e+02     9.17287024e-01    -2.76945269e+00     1.86415287e+03   
    2.00000000e+01     3.00000000e-02    -1.05054439e+00     2.98783986e+02     9.17287024e-01    -2.27316292e+00     3.97653931e+03   
    2.10000000e+01     3.15000000e-02    -1.21202639e+00     3.79338706e+02     9.17287024e-01    -2.69180872e+00     2.49014606e+03   
    2.20000000e+01     3.30000000e-02    -1.24480489e+00     3.51208388e+02     9.17287024e-01    -2.64786112e+00     3.45622189e+02   
    2.30000000e+01     3.45000000e-02    -1.26181153e+00     3.02262305e+02     9.17287024e-01    -2.52283766e+00    -6.08334055e+02   
    2.40000000e+01     3.60000000e-02    -1.32358479e+00     3.85457463e+02     9.17287024e-01    -2.84422277e+00     1.14870868e+01   
    2.50000000e+01     3.75000000e-02    -1.22124039e+00     3.60417629e+02     9.17287024e-01    -2.69360292e+00     2.38578826e+03   
    2.60000000e+01     3.90000000e-02    -1.13045635e+00     3.18711904e+02     9.17287024e-01    -2.48831315e+00     3.64830105e+03   
    2.70000000e+01     4.05000000e-02    -1.25573637e+00     3.61449496e+02     9.17287024e-01    -2.76119322e+00     2.07720380e+03   
    2.80000000e+01     4.20000000e-02    -1.26427738e+00     3.01961121e+02     9.17287024e-01    -2.59893783e+00     2.95165251e+02   
    2.90000000e+01     4.35000000e-02    -1.30912472e+00     3.02220500e+02     9.17287024e-01    -2.65221024e+00    -4.60744489e+02   
    3.00000000e+01     4.50000000e-02    -1.31942913e+00     3.62028052e+02     9.17287024e-01    -2.85143434e+00     5.61518584e+02   
    3.10000000e+01     4.65000000e-02    -1.20451207e+00     3.41806614e+02     9.17287024e-01    -2.67754620e+00     2.69808982e+03   
    3.20000000e+01     4.80000000e-02    -1.16428490e+00     3.39744706e+02     9.17287024e-01    -2.64855085e+00     3.17745536e+03   
    3.30000000e+01     4.95000000e-02    -1.24026642e+00     3.48625985e+02     9.17287024e-01    -2.74400743e+00     1.62864547e+03   
    3.40000000e+01     5.10000000e-02    -1.24677972e+00     2.88351073e+02     9.17287024e-01    -2.57017343e+00     1.13502848e+02   
    3.50000000e+01     5.25000000e-02    -1.29915365e+00     3.06076259e+02     9.17287024e-01    -2.68565522e+00    -3.16999565e+02   
    3.60000000e+01     5.40000000e-02    -1.26551774e+00     3.34234139e+02     9.17287024e-01    -2.74241879e+00     1.05064630e+03   
    3.70000000e+01     5.55000000e-02    -1.18935324e+00     3.36979517e+02     9.17287024e-01    -2.65708263e+00     2.84129991e+03   
    3.80000000e+01     5.70000000e-02    -1.18448238e+00     3.56462971e+02     9.17287024e-01    -2.70489757e+00     2.88803989e+03   
    3.90000000e+01     5.85000000e-02    -1.25950702e+00     3.50822551e+02     9.17287024e-01    -2.74954833e+00     1.32680742e+03   
    4.00000000e+01     6.00000000e-02    -1.29308228e+00     3.03892322e+02     9.17287024e-01    -2.64388223e+00    -2.13866415e+01   
    4.10000000e+01     6.15000000e-02    -1.32575610e+00     3.14786610e+02     9.17287024e-01    -2.70224225e+00    -6.53993084e+00   
    4.20000000e+01     6.30000000e-02    -1.26117047e+00     3.25344348e+02     9.17287024e-01    -2.66543521e+00     1.57170319e+03   
    4.30000000e+01     6.45000000e-02    -1.20514484e+00     3.38017177e+02     9.17287024e-01    -2.65322134e+00     2.92750746e+03   
    4.40000000e+01     6.60000000e-02    -1.19221225e+00     3.56443504e+02     9.17287024e-01    -2.69238560e+00     2.61275286e+03   
    4.50000000e+01     6.75000000e-02    -1.25320851e+00     3.51323695e+02     9.17287024e-01    -2.72876668e+00     1.00751655e+03   
    4.60000000e+01     6.90000000e-02    -1.29526939e+00     3.18809695e+02     9.17287024e-01    -2.69049906e+00    -1.44688502e+02   
    4.70000000e+01     7.05000000e-02    -1.27829103e+00     3.12994943e+02     9.17287024e-01    -2.65750731e+00     2.69918800e+02   
    4.80000000e+01     7.20000000e-02    -1.21000204e+00     3.19459895e+02     9.17287024e-01    -2.60990333e+00     1.82484608e+03   
    4.90000000e+01     7.35000000e-02    -1.14520277e+00     3.20438456e+02     9.17287024e-01    -2.54801085e+00     2.96793667e+03   
    5.00000000e+01     7.50000000e-02    -1.15618701e+00     3.33903634e+02     9.17287024e-01    -2.59632023e+00     2.42920288e+03   
    5.10000000e+01     7.65000000e-02    -1.22435039e+00     3.38789514e+02     9.17287024e-01    -2.67821089e+00     8.02122067e+02   
    5.20000000e+01     7.80000000e-02    -1.28521281e+00     3.17548944e+02     9.17287024e-01    -2.69305066e+00    -1.36947329e+02   
    5.30000000e+01     7.95000000e-02    -1.25731794e+00     3.13847564e+02     9.17287024e-01    -2.64563246e+00     5.59657266e+02   
    5.40000000e+01     8.10000000e-02    -1.21887154e+00     3.18921685e+02     9.17287024e-01    -2.63682098e+00     2.08160034e+03   
    5.50000000e+01     8.25000000e-02    -1.15203418e+00     3.01726961e+02     9.17287024e-01    -2.52348751e+00     3.04888986e+03   
    5.60000000e+01     8.40000000e-02    -1.19741959e+00     3.19119858e+02     9.17287024e-01    -2.61568391e+00     2.20072299e+03   
    5.70000000e+01     8.55000000e-02    -1.25432441e+00     3.20519683e+02     9.17287024e-01    -2.68864140e+00     5.91614927e+02   
    5.80000000e+01     8.70000000e-02    -1.30204075e+00     3.12473064e+02     9.17287024e-01    -2.72538170e+00    -1.07123030e+02   
    5.90000000e+01     8.85000000e-02    -1.27099395e+00     3.27922759e+02     9.17287024e-01    -2.73398694e+00     7.15574571e+02   
    6.00000000e+01     9.00000000e-02    -1.22507491e+00     3.31080107e+02     9.17287024e-01    -2.70759847e+00     2.16021795e+03   
    6.10000000e+01     9.15000000e-02    -1.16142512e+00     3.01621477e+02     9.17287024e-01    -2.57620409e+00     2.83901869e+03   
    6.20000000e+01     9.30000000e-02    -1.21783880e+00     3.18431405e+02     9.17287024e-01    -2.67442390e+00     1.81932059e+03   
    6.30000000e+01     9.45000000e-02    -1.25916536e+00     3.10699976e+02     9.17287024e-01    -2.69245356e+00     4.24473397e+02   
    6.40000000e+01     9.60000000e-02    -1.29077322e+00     3.11277304e+02     9.17287024e-01    -2.72982310e+00    -2.44813400e+01   
    6.50000000e+01     9.75000000e-02    -1.26336484e+00     3.29367716e+02     9.17287024e-01    -2.77232938e+00     8.65818584e+02   
    6.60000000e+01     9.90000000e-02    -1.20251889e+00     3.24464543e+02     9.17287024e-01    -2.68809455e+00     2.30640822e+03   
    6.70000000e+01     1.00500000e-01    -1.16680852e+00     3.08950393e+02     9.17287024e-01    -2.60133920e+00     2.71779734e+03   
    6.80000000e+01     1.02000000e-01    -1.22624874e+00     3.14890745e+02     9.17287024e-01    -2.67670882e+00     1.57371883e+03   
    6.90000000e+01     1.03500000e-01    -1.24845986e+00     2.86197273e+02     9.17287024e-01    -2.62160670e+00     3.75584079e+02   
    7.00000000e+01     1.05000000e-01    -1.26231617e+00     2.98483656e+02     9.17287024e-01    -2.66149544e+00     1.62521407e+02   
    7.10000000e+01     1.06500000e-01    -1.23157941e+00     3.22971995e+02     9.17287024e-01    -2.71227766e+00     1.14591869e+03   
    7.20000000e+01     1.08000000e-01    -1.16068599e+00     3.21361413e+02     9.17287024e-01    -2.62937007e+00     2.42332638e+03   
    7.30000000e+01     1.09500000e-01    -1.16647293e+00     3.26070754e+02     9.17287024e-01    -2.64533541e+00     2.45364532e+03   
    7.40000000e+01     1.11000000e-01    -1.21238204e+00     3.19218690e+02     9.17287024e-01    -2.66529090e+00     1.29302364e+03   
    7.50000000e+01     1.12500000e-01    -1.23891081e+00     2.97705861e+02     9.17287024e-01    -2.62302021e+00     2.43437613e+02   
    7.60000000e+01     1.14000000e-01    -1.23794633e+00     3.04232768e+02     9.17287024e-01    -2.65351899e+00     2.53317793e+02   
    7.70000000e+01     1.15500000e-01    -1.21154008e+00     3.22430492e+02     9.17287024e-01    -2.68082227e+00     1.34281069e+03   
    7.80000000e+01     1.17000000e-01    -1.15927659e+00     3.21302605e+02     9.17287024e-01    -2.64637390e+00     2.42744544e+03   
    7.90000000e+01     1.18500000e-01    -1.20491013e+00     3.39050291e+02     9.17287024e-01    -2.74919448e+00     2.19085050e+03   
    8.00000000e+01     1.20000000e-01    -1.26041314e+00     3.23279413e+02     9.17287024e-01    -2.75107568e+00     1.06857158e+03   
    8.10000000e+01     1.21500000e-01    -1.30124631e+00     3.03332111e+02     9.17287024e-01    -2.73657082e+00     1.94747690e+02   
    8.20000000e+01     1.23000000e-01    -1.27913196e+00     3.03301232e+02     9.17287024e-01    -2.71545607e+00     4.94989507e+02   
    8.30000000e+01     1.24500000e-01    -1.22936868e+00     3.07389248e+02     9.17287024e-01    -2.66923872e+00     1.68117995e+03   
    8.40000000e+01     1.26000000e-01    -1.16658237e+00     3.13604244e+02     9.17287024e-01    -2.61830348e+00     2.53929095e+03   
    8.50000000e+01     1.27500000e-01    -1.20411069e+00     3.37278961e+02     9.17287024e-01    -2.72442437e+00     2.02478974e+03   
    8.60000000e+01     1.29000000e-01    -1.25288864e+00     3.22137149e+02     9.17287024e-01    -2.72566060e+00     8.61717120e+02   
    8.70000000e+01     1.30500000e-01    -1.27867853e+00     3.05709802e+02     9.17287024e-01    -2.71136242e+00     1.72458120e+02   
    8.80000000e+01     1.32000000e-01    -1.23342789e+00     3.04417249e+02     9.17287024e-01    -2.66678146e+00     6.76962601e+02   
    8.90000000e+01     1.33500000e-01    -1.16963131e+00     2.93772565e+02     9.17287024e-01    -2.58277757e+00     1.89707721e+03   
    9.00000000e+01     1.35000000e-01    -1.11988694e+00     2.96758455e+02     9.17287024e-01    -2.53745413e+00     2.57121317e+03   
    9.10000000e+01     1.36500000e-01    -1.17572175e+00     3.22427821e+02     9.17287024e-01    -2.66639908e+00     1.86875421e+03   
    9.20000000e+01     1.38000000e-01    -1.23140838e+00     3.09342108e+02     9.17287024e-01    -2.68226896e+00     7.26181679e+02   
    9.30000000e+01     1.39500000e-01    -1.27974552e+00     3.07249388e+02     9.17287024e-01    -2.73018123e+00     1.70689276e+02   
    9.40000000e+01     1.41000000e-01    -1.26010455e+00     3.10860901e+02     9.17287024e-01    -2.73209589e+00     8.45663047e+02   
    9.50000000e+01     1.42500000e-01    -1.21111691e+00     2.99945928e+02     9.17287024e-01    -2.63875769e+00     2.13933667e+03   
    9.60000000e+01     1.44000000e-01    -1.18948193e+00     2.99344294e+02     9.17287024e-01    -2.61967056e+00     2.57353455e+03   
    9.70000000e+01     1.45500000e-01    -1.25569663e+00     3.19357469e+02     9.17287024e-01    -2.75528204e+00     1.64183677e+03   
    9.80000000e+01     1.47000000e-01    -1.29178348e+00     3.04670620e+02     9.17287024e-01    -2.73707514e+00     5.59087499e+02   
    9.90000000e+01     1.48500000e-01    -1.31224521e+00     3.14064521e+02     9.17287024e-01    -2.79192938e+00     1.72557404e+02   
    1.00000000e+02     1.50000000e-01    -1.27223096e+00     3.26250694e+02     9.17287024e-01    -2.79810858e+00     9.76735711e+02   
    1.01000000e+02     1.51500000e-01    -1.20618850e+00     3.05444424e+02     9.17287024e-01    -2.68360406e+00     2.20756012e+03   
    1.02000000e+02     1.53000000e-01    -1.18896605e+00     3.11654927e+02     9.17287024e-01    -2.67970264e+00     2.41908226e+03   
    1.03000000e+02     1.54500000e-01    -1.23209680e+00     3.18362589e+02     9.17287024e-01    -2.73976632e+00     1.45402911e+03   
    1.04000000e+02     1.56000000e-01    -1.26160665e+00     2.95296512e+02     9.17287024e-01    -2.70481025e+00     4.13572112e+02   
    1.05000000e+02     1.57500000e-01    -1.27603231e+00     3.15731072e+02     9.17287024e-01    -2.77042235e+00     1.76162442e+02   
    1.06000000e+02     1.59000000e-01    -1.22785751e+00     3.19598418e+02     9.17287024e-01    -2.73951425e+00     1.16459861e+03   
    1.07000000e+02     1.60500000e-01    -1.19279194e+00     3.11147103e+02     9.17287024e-01    -2.69443215e+00     2.23610737e+03   
    1.08000000e+02     1.62000000e-01    -1.19947999e+00     3.22500816e+02     9.17287024e-01    -2.73095104e+00     2.23283973e+03   
    1.09000000e+02     1.63500000e-01    -1.21312617e+00     3.11474782e+02     9.17287024e-01    -2.69768057e+00     1.33648132e+03   
    1.10000000e+02     1.65000000e-01    -1.26318153e+00     2.96304979e+02     9.17287024e-01    -2.71228532e+00     3.20475004e+02   
    1.11000000e+02     1.66500000e-01    -1.26538778e+00     3.06747135e+02     9.17287024e-01    -2.75004932e+00     3.15105452e+02   
    1.12000000e+02     1.68000000e-01    -1.19529357e+00     3.02434145e+02     9.17287024e-01    -2.67764067e+00     1.46153373e+03   
    1.13000000e+02     1.69500000e-01    -1.18327531e+00     3.25212189e+02     9.17287024e-01    -2.72322477e+00     2.26090245e+03   
    1.14000000e+02     1.71000000e-01    -1.17951867e+00     3.22458835e+02     9.17287024e-01    -2.72947021e+00     2.05173102e+03   
    1.15000000e+02     1.72500000e-01    -1.17547205e+00     3.06260094e+02     9.17287024e-01    -2.67646727e+00     1.12327902e+03   
    1.16000000e+02     1.74000000e-01    -1.22034782e+00     3.08573679e+02     9.17287024e-01    -2.71893936e+00     1.97829666e+02   
    1.17000000e+02     1.75500000e-01    -1.20086297e+00     3.02961844e+02     9.17287024e-01    -2.68041623e+00     5.19733841e+02   
    1.18000000e+02     1.77000000e-01    -1.14292579e+00     3.11918377e+02     9.17287024e-01    -2.63939163e+00     1.64977872e+03   
    1.19000000e+02     1.78500000e-01    -1.15440381e+00     3.31583688e+02     9.17287024e-01    -2.70649902e+00     2.19250650e+03   
    1.20000000e+02     1.80000000e-01    -1.20251196e+00     3.27807286e+02     9.17287024e-01    -2.73620364e+00     1.82331956e+03   
    1.21000000e+02     1.81500000e-01    -1.23035368e+00     3.07662138e+02     9.17287024e-01    -2.70419485e+00     8.99989270e+02   
    1.22000000e+02     1.83000000e-01    -1.28325803e+00     3.15140340e+02     9.17287024e-01    -2.79377003e+00     2.15925933e+02   
    1.23000000e+02     1.84500000e-01    -1.23801226e+00     2.95813049e+02     9.17287024e-01    -2.68076750e+00     8.79574658e+02   
    1.24000000e+02     1.86000000e-01    -1.20370546e+00     3.07441748e+02     9.17287024e-01    -2.68527080e+00     1.86146621e+03   
    1.25000000e+02     1.87500000e-01    -1.20554298e+00     3.25373234e+02     9.17287024e-01    -2.76153577e+00     2.14981839e+03   
    1.26000000e+02     1.89000000e-01    -1.21340482e+00     3.05532151e+02     9.17287024e-01    -2.72344879e+00     1.67603885e+03   
    1.27000000e+02     1.90500000e-01    -1.25356420e+00     3.04984579e+02     9.17287024e-01    -2.76438297e+00     6.97156745e+02   
    1.28000000e+02     1.92000000e-01    -1.27640407e+00     3.09711617e+02     9.17287024e-01    -2.80059691e+00     3.15945965e+02   
    1.29000000e+02     1.93500000e-01    -1.20565382e+00     2.79519587e+02     9.17287024e-01    -2.65215656e+00     1.13776917e+03   
    1.30000000e+02     1.95000000e-01    -1.19866306e+00     3.05126559e+02     9.17287024e-01    -2.73121450e+00     1.88633581e+03   
    1.31000000e+02     1.96500000e-01    -1.17203844e+00     3.05449791e+02     9.17287024e-01    -2.71782190e+00     2.09792643e+03   
    1.32000000e+02     1.98000000e-01    -1.19053118e+00     2.96756821e+02     9.17287024e-01    -2.71772457e+00     1.49042627e+03   
    1.33000000e+02     1.99500000e-01    -1.25145201e+00     3.07896641e+02     9.17287024e-01    -2.82170506e+00     4.98181693e+02   
    1.34000000e+02     2.01000000e-01    -1.26010931e+00     2.99859583e+02     9.17287024e-01    -2.80298610e+00     4.09578823e+02   
    1.35000000e+02     2.02500000e-01    -1.21312605e+00     2.94555664e+02     9.17287024e-01    -2.72397222e+00     1.29935068e+03   
    1.36000000e+02     2.04000000e-01    -1.23209780e+00     3.15961493e+02     9.17287024e-01    -2.81392576e+00     1.94467310e+03   
    1.37000000e+02     2.05500000e-01    -1.20252888e+00     3.05552261e+02     9.17287024e-01    -2.74310734e+00     2.07894600e+03   
    1.38000000e+02     2.07000000e-01    -1.21921908e+00     3.08263082e+02     9.17287024e-01    -2.76326535e+00     1.33386372e+03   
    1.39000000e+02     2.08500000e-01    -1.27196224e+00     3.10263026e+02     9.17287024e-01    -2.83592250e+00     3.99351730e+02   
    1.40000000e+02     2.10000000e-01    -1.24958072e+00     2.96681911e+02     9.17287024e-01    -2.77913094e+00     5.76912367e+02   
    1.41000000e+02     2.11500000e-01    -1.21456023e+00     3.10809919e+02     9.17287024e-01    -2.79064267e+00     1.42035248e+03   
    1.42000000e+02     2.13000000e-01    -1.17243300e+00     3.06532383e+02     9.17287024e-01    -2.73828669e+00     2.10352732e+03   
    1.43000000e+02     2.14500000e-01    -1.19353680e+00     3.07125786e+02     9.17287024e-01    -2.75163385e+00     1.93319755e+03   
    1.44000000e+02     2.16000000e-01    -1.20833763e+00     2.94503545e+02     9.17287024e-01    -2.72421564e+00     1.10797895e+03   
    1.45000000e+02     2.17500000e-01    -1.24168166e+00     2.95523782e+02     9.17287024e-01    -2.76856715e+00     4.02245782e+02   
    1.46000000e+02     2.19000000e-01    -1.21084733e+00     2.87096521e+02     9.17287024e-01    -2.71277726e+00     7.63536078e+02   
    1.47000000e+02     2.20500000e-01    -1.21403139e+00     3.07873267e+02     9.17287024e-01    -2.77632677e+00     1.53399502e+03   
    1.48000000e+02     2.22000000e-01    -1.13433865e+00     3.00189295e+02     9.17287024e-01    -2.67575240e+00     2.19999436e+03   
    1.49000000e+02     2.23500000e-01    -1.15975874e+00     3.10320025e+02     9.17287024e-01    -2.74919069e+00     1.80492886e+03   
    1.50000000e+02     2.25000000e-01    -1.18055844e+00     2.87312889e+02     9.17287024e-01    -2.69945119e+00     8.91678877e+02   
    1.51000000e+02     2.26500000e-01    -1.20544158e+00     2.89806949e+02     9.17287024e-01    -2.73206330e+00     4.66738657e+02   
    1.52000000e+02     2.28000000e-01    -1.18126197e+00     3.00789851e+02     9.17287024e-01    -2.74676809e+00     9.63199002e+02   
    1.53000000e+02     2.29500000e-01    -1.13917218e+00     2.89116862e+02     9.17287024e-01    -2.67998966e+00     1.80212186e+03   
    1.54000000e+02     2.31000000e-01    -1.12215581e+00     3.14726521e+02     9.17287024e-01    -2.74476539e+00     2.08803530e+03   
    1.55000000e+02     2.32500000e-01    -1.16339950e+00     2.91168509e+02     9.17287024e-01    -2.71972792e+00     1.49849599e+03   
    1.56000000e+02     2.34000000e-01    -1.17323037e+00     2.86800270e+02     9.17287024e-01    -2.71387896e+00     7.86011938e+02   
    1.57000000e+02     2.35500000e-01    -1.17676055e+00     3.05454484e+02     9.17287024e-01    -2.79253135e+00     6.14086635e+02   
    1.58000000e+02     2.37000000e-01    -1.12137702e+00     2.78277613e+02     9.17287024e-01    -2.65533031e+00     1.22112831e+03   
    1.59000000e+02     2.38500000e-01    -1.12857924e+00     3.14740701e+02     9.17287024e-01    -2.76138485e+00     1.79191612e+03   
    1.60000000e+02     2.40000000e-01    -1.12143352e+00     2.99733598e+02     9.17287024e-01    -2.69756922e+00     1.84434404e+03   
    1.61000000e+02     2.41500000e-01    -1.16481886e+00     3.05567355e+02     9.17287024e-01    -2.74411076e+00     1.30153895e+03   
    1.62000000e+02     2.43000000e-01    -1.19355550e+00     3.11787214e+02     9.17287024e-01    -2.80194591e+00     8.04201923e+02   
    1.63000000e+02     2.44500000e-01    -1.14922075e+00     2.88135167e+02     9.17287024e-01    -2.67669258e+00     8.28328614e+02   
    1.64000000e+02     2.46000000e-01    -1.16249097e+00     3.36586139e+02     9.17287024e-01    -2.84000800e+00     1.18039214e+03   
    1.65000000e+02     2.47500000e-01    -1.09150694e+00     2.83169202e+02     9.17287024e-01    -2.60167509e+00     1.65876773e+03   
    1.66000000e+02     2.49000000e-01    -1.15666109e+00     3.31023421e+02     9.17287024e-01    -2.81877254e+00     1.83826496e+03   
    1.67000000e+02     2.50500000e-01    -1.17329292e+00     3.08595017e+02     9.17287024e-01    -2.79998272e+00     1.42223318e+03   
    1.68000000e+02     2.52000000e-01    -9.87618390e-01     2.99598630e+02     9.17287024e-01    -2.60111036e+00     9.95747698e+02   
    1.69000000e+02     2.53500000e-01    -8.57619129e-01     3.65394360e+02     9.17287024e-01    -2.67727393e+00     4.80788224e+02   
    1.70000000e+02     2.55000000e-01    -6.86947463e-02     4.45048036e+02     9.17287024e-01    -2.14454664e+00     2.66638985e+02   
    1.71000000e+02     2.56500000e-01     2.83915775e+01     8.58724907e+03     9.17287024e-01     4.83538493e-01     1.38290923e+04   
    1.72000000e+02     2.58000000e-01     3.86644412e+06     1.21615986e+09     9.17287024e-01     1.48845727e+04     1.66112507e+09   
    1.73000000e+02     2.59500000e-01     1.33208013e+08     4.19323185e+10     9.17287024e-01     1.84359741e+05     5.76188116e+10   
    1.74000000e+02     2.61000000e-01     5.59472331e+08     1.74123028e+11     9.17287024e-01     6.80860051e+04     2.39929713e+11   
    1.75000000e+02     2.62500000e-01     6.68151812e+08     1.98260363e+11     9.17287024e-01     1.90938219e+05     2.73130464e+11   
    1.76000000e+02     2.64000000e-01     1.77919467e+12     5.61768213e+14     9.17287024e-01     2.08126059e+06     7.74297246e+14   
    1.77000000e+02     2.65500000e-01     2.81355808e+15     8.88367739e+17     9.17287024e-01     3.94320096e+07     1.22445220e+18   
    1.78000000e+02     2.67000000e-01     1.10669473e+16     3.44269818e+18     9.17287024e-01     1.03730438e+06     4.74512844e+18   
    1.79000000e+02     2.68500000e-01     1.10668584e+16     3.24218297e+18     9.17287024e-01     1.23669312e+06     4.46875497e+18   
    1.80000000e+02     2.70000000e-01     6.21283335e+21     1.96174481e+24     9.17287024e-01     3.27485059e+10     2.70390565e+24   
    1.81000000e+02     2.71500000e-01     2.44840671e+22     7.61677054e+24     9.17287024e-01     5.22392276e+06     1.04983221e+25   
    1.82000000e+02     2.73000000e-01     2.44856851e+22     7.17371524e+24     9.17287024e-01     7.30269997e+08     9.88765161e+24   
    1.83000000e+02     2.74500000e-01     2.44916702e+22     6.75784045e+24     9.17287024e-01     6.51165274e+08     9.31444443e+24   
    1.84000000e+02     2.76000000e-01     2.34791403e+38     7.41370150e+40     9.17287024e-01     1.46643742e+18     1.02184287e+41   
