# Simulation time (in picosecond), virial total energy and PPI energy correction (in electronvolt)
0.000000    -34.951971     35.267596
0.002500    -15.558433     183.715748
0.005000    -8.043858     1862.470917
0.007500    -7.740173     396.819839
0.010000    -3.338337     796.722371
0.012500    -2.116579     500.607272
0.015000    -0.479939     692.029889
0.017500    0.746948     655.634428
0.020000    2.642367     699.811293
0.022500    3.837791     755.497179
0.025000    4.595897     686.295028
0.027500    5.856301     742.186802
0.030000    6.645605     653.727832
0.032500    7.592692     779.634984
0.035000    7.940032     710.082673
0.037500    8.759810     729.909231
0.040000    9.130601     673.566230
0.042500    9.681729     687.366819
0.045000    10.139012     664.148739
0.047500    10.506656     633.635362
0.050000    10.882766     623.581510
0.052500    11.228029     612.931517
0.055000    11.531617     595.375861
0.057500    11.761783     555.069726
0.060000    12.019341     529.587922
0.062500    12.235236     523.488736
0.065000    12.411269     504.502758
0.067500    12.564528     482.904560
0.070000    12.645138     453.825436
0.072500    12.728646     439.041284
0.075000    12.754795     409.464744
0.077500    12.862213     386.532262
0.080000    13.001161     378.760809
0.082500    12.995453     354.438692
0.085000    13.107549     344.937994
0.087500    13.176253     318.239166
0.090000    13.221343     307.158474
0.092500    13.314448     302.041314
0.095000    13.367423     291.852569
0.097500    13.421331     279.467472
0.100000    13.441019     270.199587
0.102500    13.467469     264.203688
0.105000    13.496220     253.074547
0.107500    13.512005     238.131842
0.110000    13.537599     230.523690
0.112500    13.557183     224.706509
0.115000    13.568413     211.104179
0.117500    13.600775     204.626378
0.120000    13.588958     194.689313
0.122500    13.589374     191.033394
0.125000    13.592989     183.893932
0.127500    13.598622     178.356044
0.130000    13.580266     170.827828
0.132500    13.579524     168.769236
0.135000    13.598956     160.360114
0.137500    13.639266     153.035700
0.140000    13.630083     148.745536
0.142500    13.612906     143.659869
0.145000    13.665041     140.413557
0.147500    13.651021     134.350862
0.150000    13.642838     130.985330
0.152500    13.641940     126.780458
0.155000    13.689748     124.337164
0.157500    13.706247     120.416449
0.160000    13.744480     119.904551
0.162500    13.770491     119.278677
0.165000    13.826724     118.249570
0.167500    13.826357     115.979002
0.170000    13.843216     113.535513
0.172500    13.845307     112.931714
0.175000    13.827489     108.545469
0.177500    13.822577     106.082358
0.180000    13.764123     99.579487
0.182500    13.741340     98.054610
0.185000    13.747795     96.026731
0.187500    13.744829     94.811131
0.190000    13.710641     91.789462
0.192500    13.725162     90.852530
0.195000    13.760236     90.836164
0.197500    13.774936     89.352197
0.200000    13.773804     88.636505
0.202500    13.785801     87.813235
0.205000    13.811830     84.418059
0.207500    13.813306     81.551973
0.210000    13.836002     81.157357
0.212500    13.850339     78.710910
0.215000    13.857691     74.952474
0.217500    13.879304     75.309105
0.220000    13.876726     72.691192
0.222500    13.878475     70.808420
0.225000    13.868568     68.216984
0.227500    13.884964     67.591194
0.230000    13.895649     66.956466
0.232500    13.887284     65.386793
0.235000    13.890032     63.905146
0.237500    13.905542     63.679815
0.240000    13.891012     61.470428
0.242500    13.898589     60.932947
0.245000    13.895805     59.815602
0.247500    13.897326     58.678300
0.250000    13.908290     58.232491
0.252500    13.915207     58.327123
0.255000    13.904222     57.997349
0.257500    13.910830     57.604154
0.260000    13.888009     56.607127
0.262500    13.873837     56.213867
0.265000    13.851224     55.461214
0.267500    13.851842     54.955724
0.270000    13.836902     53.995330
0.272500    13.793676     52.429988
0.275000    13.791498     52.414815
0.277500    13.765819     51.023577
0.280000    13.743040     49.262892
0.282500    13.720585     48.489454
0.285000    13.715674     47.747573
0.287500    13.705339     46.976514
0.290000    13.707717     47.416241
0.292500    13.695412     46.563922
0.295000    13.679585     46.083758
0.297500    13.673674     45.261568
0.300000    13.704543     46.031911
0.302500    13.712668     46.565501
0.305000    13.729069     46.897362
0.307500    13.752900     46.912479
0.310000    13.767741     46.720445
0.312500    13.778919     46.507494
0.315000    13.782379     46.034257
0.317500    13.786165     45.440951
0.320000    13.772899     44.553020
0.322500    13.771142     43.873439
0.325000    13.768977     42.999844
0.327500    13.752367     42.060212
0.330000    13.756231     41.498245
0.332500    13.722172     38.655619
0.335000    13.727365     38.661888
0.337500    13.717175     37.821371
0.340000    13.695480     37.145563
0.342500    13.686171     36.074516
0.345000    13.680985     35.052280
0.347500    13.677271     34.849457
0.350000    13.663724     34.061858
0.352500    13.666846     34.010742
0.355000    13.648508     32.996949
0.357500    13.636938     31.986371
0.360000    13.624447     31.694694
0.362500    13.603729     29.903648
0.365000    13.590161     28.901755
0.367500    13.567114     27.061757
0.370000    13.557268     26.536206
0.372500    13.535359     25.127613
0.375000    13.544022     25.240211
0.377500    13.543622     24.864290
0.380000    13.524524     23.993008
0.382500    13.530120     24.557950
0.385000    13.509314     23.330656
0.387500    13.501471     23.330076
0.390000    13.492711     22.790081
0.392500    13.484435     22.666694
0.395000    13.487228     22.811745
0.397500    13.473032     22.714220
0.400000    13.467057     22.860554
0.402500    13.452546     22.435859
0.405000    13.443300     22.464526
0.407500    13.429502     21.736622
0.410000    13.420326     21.905731
0.412500    13.400491     21.289202
0.415000    13.406857     21.515847
0.417500    13.384178     21.186339
0.420000    13.362645     20.781974
0.422500    13.345676     20.326658
0.425000    13.337081     19.636888
0.427500    13.320144     19.402626
0.430000    13.300293     18.800760
0.432500    13.289775     18.634095
0.435000    13.279668     17.821181
0.437500    13.274990     17.789766
0.440000    13.260914     17.381039
0.442500    13.267186     17.556363
0.445000    13.259907     17.172426
0.447500    13.237750     16.684829
0.450000    13.221215     16.198506
0.452500    13.213762     16.294407
0.455000    13.199930     16.016699
0.457500    13.186162     15.963546
0.460000    13.175138     15.713375
0.462500    13.159538     15.151827
0.465000    13.139020     14.997539
0.467500    13.129140     14.879050
0.470000    13.122656     14.926209
0.472500    13.109202     14.064137
0.475000    13.093369     13.798315
0.477500    13.086341     13.550127
0.480000    13.077079     13.414189
0.482500    13.067211     13.106399
0.485000    13.057905     12.289768
0.487500    13.051348     12.547638
0.490000    13.045788     12.788628
0.492500    13.032742     12.167428
0.495000    13.031135     12.282535
0.497500    13.016068     11.861220
0.500000    13.014913     12.332213
0.502500    13.005301     12.441202
0.505000    12.998582     12.116091
0.507500    12.996773     12.353952
0.510000    12.975852     12.026489
0.512500    12.971056     12.180589
0.515000    12.969408     12.147468
0.517500    12.956717     12.073275
0.520000    12.956139     11.929188
0.522500    12.954316     11.715727
0.525000    12.949646     11.734713
0.527500    12.934728     11.404526
0.530000    12.927150     11.265564
0.532500    12.910372     11.446338
0.535000    12.914303     11.832526
0.537500    12.914228     11.820181
0.540000    12.913290     11.951926
0.542500    12.905580     11.767861
0.545000    12.908142     11.883667
0.547500    12.912754     12.057518
0.550000    12.925371     12.202586
0.552500    12.927597     12.309420
0.555000    12.948219     12.616259
0.557500    12.956260     12.670189
0.560000    12.958850     12.181907
0.562500    12.966799     12.458403
0.565000    12.961941     12.033536
0.567500    12.967488     12.043648
0.570000    12.969134     12.054523
0.572500    12.978487     12.354806
0.575000    12.974197     12.286509
0.577500    12.983977     12.458431
0.580000    12.976340     12.157142
0.582500    12.973243     12.294431
0.585000    12.972752     12.116658
0.587500    12.969945     12.324251
0.590000    12.961008     12.019706
0.592500    12.963217     12.145384
0.595000    12.965735     12.246105
0.597500    12.972935     12.255488
0.600000    12.982416     12.401264
0.602500    12.981304     12.512697
0.605000    12.991063     12.671899
0.607500    12.984107     12.382361
0.610000    12.984200     12.532454
0.612500    12.989119     12.678207
0.615000    12.981012     12.548775
0.617500    12.982438     12.741175
0.620000    12.971108     12.332337
0.622500    12.961058     12.418887
0.625000    12.952180     12.158609
0.627500    12.945249     12.299821
0.630000    12.938099     12.078379
0.632500    12.933879     12.146688
0.635000    12.931535     12.272553
0.637500    12.927775     12.442964
0.640000    12.931237     12.554080
0.642500    12.929778     12.557866
0.645000    12.928166     12.674536
0.647500    12.930433     12.782337
0.650000    12.927229     12.855917
0.652500    12.929177     12.987452
0.655000    12.925059     13.107578
0.657500    12.923013     12.937970
0.660000    12.922926     13.028235
0.662500    12.917160     12.886967
0.665000    12.922290     13.123182
0.667500    12.924521     13.224158
0.670000    12.927620     13.357171
0.672500    12.920083     13.334274
0.675000    12.910687     13.369850
0.677500    12.904999     13.450374
0.680000    12.897134     12.863406
0.682500    12.888341     12.705139
0.685000    12.872562     12.404582
0.687500    12.873095     12.356124
0.690000    12.861253     12.239771
0.692500    12.852053     12.028638
0.695000    12.842300     11.884367
0.697500    12.836851     11.584639
0.700000    12.827430     11.619534
0.702500    12.817830     11.188421
0.705000    12.818498     11.308220
0.707500    12.802035     10.467475
0.710000    12.795760     10.438678
0.712500    12.798919     10.585919
0.715000    12.798385     10.738727
0.717500    12.792988     10.812509
0.720000    12.796890     10.933867
0.722500    12.802076     11.229127
0.725000    12.805792     11.336471
0.727500    12.808129     11.453868
0.730000    12.810180     11.548873
0.732500    12.810842     11.655106
0.735000    12.802499     11.718620
0.737500    12.800853     11.858686
0.740000    12.798551     12.040637
0.742500    12.798506     12.171086
0.745000    12.791558     12.439530
0.747500    12.795047     12.572880
0.750000    12.804264     12.742084
0.752500    12.807984     12.842821
0.755000    12.817755     12.991140
0.757500    12.826410     13.115518
0.760000    12.831679     13.073782
0.762500    12.836292     13.275202
0.765000    12.833700     13.319120
0.767500    12.838009     13.417974
0.770000    12.834994     13.311517
0.772500    12.843460     13.318117
0.775000    12.846785     13.379913
0.777500    12.855302     13.563136
0.780000    12.860376     13.656870
0.782500    12.870631     13.731468
0.785000    12.877753     13.869131
0.787500    12.884645     14.026798
0.790000    12.891433     14.068748
0.792500    12.901142     14.143980
0.795000    12.900574     14.068143
0.797500    12.907494     14.243895
0.800000    12.922211     14.447515
0.802500    12.925392     14.515648
0.805000    12.928871     14.703133
0.807500    12.940404     14.989192
0.810000    12.947724     15.065244
0.812500    12.946364     14.912271
0.815000    12.959514     15.091793
0.817500    12.961047     14.924822
0.820000    12.953712     15.075703
0.822500    12.959071     15.124222
0.825000    12.963808     15.193274
0.827500    12.965168     15.261623
0.830000    12.962993     15.293091
0.832500    12.969634     15.277648
0.835000    12.964437     15.314245
0.837500    12.960862     15.427360
0.840000    12.957112     14.899545
0.842500    12.954084     14.559188
0.845000    12.952364     14.759954
0.847500    12.946158     14.785998
0.850000    12.952765     14.904711
0.852500    12.956920     14.922188
0.855000    12.960085     15.391853
0.857500    12.959522     15.417306
0.860000    12.961976     15.267876
0.862500    12.957248     14.959628
0.865000    12.951513     15.088391
0.867500    12.951979     15.148390
0.870000    12.952244     15.125279
0.872500    12.945709     15.064802
0.875000    12.944596     15.352749
0.877500    12.937786     15.268505
0.880000    12.942225     15.220451
0.882500    12.946462     15.289108
0.885000    12.942737     15.410849
0.887500    12.941116     15.460503
0.890000    12.952971     15.568390
0.892500    12.952205     15.442763
0.895000    12.949025     15.542349
0.897500    12.951625     15.589782
0.900000    12.960649     15.664139
0.902500    12.961221     15.793660
0.905000    12.957145     15.808691
0.907500    12.958876     15.891046
0.910000    12.967861     15.979105
0.912500    12.964975     16.085313
0.915000    12.966024     16.244176
0.917500    12.966143     16.033725
0.920000    12.967597     16.134014
0.922500    12.965558     16.232949
0.925000    12.963345     16.298840
0.927500    12.963331     16.393951
0.930000    12.969804     16.494605
0.932500    12.961360     16.490340
0.935000    12.961359     16.560224
0.937500    12.965091     16.515522
0.940000    12.963285     16.582753
0.942500    12.964932     16.607140
0.945000    12.970699     16.667330
0.947500    12.972395     16.552298
0.950000    12.981472     16.647847
0.952500    12.980023     16.657820
0.955000    12.981150     16.743065
0.957500    12.979695     16.797030
0.960000    12.987137     16.912443
0.962500    12.994951     16.989651
0.965000    12.997411     17.005050
0.967500    13.002536     17.132073
0.970000    13.001396     17.200718
0.972500    13.005471     17.352398
0.975000    13.007901     17.364594
0.977500    13.016438     17.417616
0.980000    13.015650     17.482774
0.982500    13.028017     17.560061
0.985000    13.033429     17.614932
0.987500    13.042816     17.681421
0.990000    13.045497     17.728308
0.992500    13.043996     17.851926
0.995000    13.051201     17.948589
0.997500    13.053108     18.002372
1.000000    13.055747     18.161305
1.002500    13.057160     18.220970
1.005000    13.051550     18.117756
1.007500    13.048687     18.084495
1.010000    13.044136     18.075942
1.012500    13.045052     18.136809
1.015000    13.041104     18.105466
1.017500    13.034933     18.149836
1.020000    13.033213     18.204984
1.022500    13.034209     18.247055
1.025000    13.038155     18.308966
1.027500    13.036562     18.334745
1.030000    13.045836     18.369743
1.032500    13.049291     18.427945
1.035000    13.054063     18.489008
1.037500    13.062737     18.537238
1.040000    13.061753     18.536358
1.042500    13.061977     18.594593
1.045000    13.060910     18.472020
1.047500    13.061928     18.531205
1.050000    13.060659     18.471341
1.052500    13.065603     18.485527
1.055000    13.070871     18.536919
1.057500    13.069977     18.579258
1.060000    13.075280     18.649676
1.062500    13.074721     18.672732
1.065000    13.072245     18.789541
1.067500    13.072352     18.811802
1.070000    13.076348     18.938945
1.072500    13.072218     18.990470
1.075000    13.074560     19.058642
1.077500    13.077935     19.143935
1.080000    13.074237     19.197069
1.082500    13.075063     19.273795
1.085000    13.073236     19.347411
1.087500    13.075596     19.407439
1.090000    13.074957     19.496238
1.092500    13.075758     19.560198
1.095000    13.079572     19.645799
1.097500    13.087144     19.709482
1.100000    13.092611     19.760580
1.102500    13.091568     19.800095
1.105000    13.100966     19.925475
1.107500    13.101228     19.999507
1.110000    13.104791     20.018884
1.112500    13.113195     20.085915
1.115000    13.117513     20.139124
1.117500    13.116057     20.169683
1.120000    13.120439     20.255573
1.122500    13.132991     20.186744
1.125000    13.135037     20.238133
1.127500    13.139829     20.223339
1.130000    13.141052     20.277660
1.132500    13.141652     20.298687
1.135000    13.145127     20.321991
1.137500    13.149337     20.274832
1.140000    13.149874     20.323979
1.142500    13.150690     20.426536
1.145000    13.151159     20.476447
1.147500    13.151226     20.554450
1.150000    13.146319     20.566698
1.152500    13.144012     20.613541
1.155000    13.140706     20.705303
1.157500    13.131559     20.630523
1.160000    13.131334     20.608633
1.162500    13.121305     20.737115
1.165000    13.121784     20.690711
1.167500    13.118989     20.787282
1.170000    13.118509     20.820822
1.172500    13.114419     20.889003
1.175000    13.113355     20.849031
1.177500    13.116239     20.854546
1.180000    13.118534     20.937909
1.182500    13.119868     21.073058
1.185000    13.119991     21.189565
1.187500    13.120862     21.234925
1.190000    13.123187     21.272830
1.192500    13.119684     21.304253
1.195000    13.121922     21.387527
1.197500    13.123263     21.432255
1.200000    13.118157     21.386303
1.202500    13.119865     21.373053
1.205000    13.120477     21.421658
1.207500    13.113478     21.167848
1.210000    13.112124     21.090810
1.212500    13.117368     21.087918
1.215000    13.114040     21.045463
1.217500    13.118048     21.106091
1.220000    13.121717     21.150664
1.222500    13.124145     21.176013
1.225000    13.126500     21.232696
1.227500    13.123554     21.254181
1.230000    13.122074     21.193953
1.232500    13.122978     21.277376
1.235000    13.125586     21.335827
1.237500    13.128002     21.378041
1.240000    13.134050     21.564365
1.242500    13.134236     21.612516
1.245000    13.131619     21.592261
1.247500    13.136579     21.664528
1.250000    13.138532     21.765375
1.252500    13.143203     21.848390
1.255000    13.140572     21.874201
1.257500    13.143776     21.945408
1.260000    13.142380     22.004181
1.262500    13.143349     22.051861
1.265000    13.148175     22.089039
1.267500    13.152307     22.133809
1.270000    13.150832     22.218620
1.272500    13.147659     22.222218
1.275000    13.150992     22.239035
1.277500    13.146017     22.279405
1.280000    13.140945     22.313017
1.282500    13.140506     22.295623
1.285000    13.138512     22.192908
1.287500    13.135899     22.257700
1.290000    13.129168     22.178716
1.292500    13.129219     22.126438
1.295000    13.124641     21.800288
1.297500    13.122656     21.904771
1.300000    13.119952     22.053300
1.302500    13.116455     21.910365
1.305000    13.116544     21.866792
1.307500    13.112811     21.946226
1.310000    13.110852     22.026954
1.312500    13.115120     22.030641
1.315000    13.115235     22.084644
1.317500    13.112225     22.246596
1.320000    13.111153     22.303286
1.322500    13.112809     22.294564
1.325000    13.108124     22.135960
1.327500    13.107928     22.206114
1.330000    13.109620     22.246850
1.332500    13.110065     22.278367
1.335000    13.111093     22.336890
1.337500    13.110729     22.388620
1.340000    13.109516     22.332769
1.342500    13.110552     22.423523
1.345000    13.101727     21.923092
1.347500    13.102986     22.023595
1.350000    13.097636     21.921909
1.352500    13.099300     21.908084
1.355000    13.099204     21.939533
1.357500    13.096484     21.874732
1.360000    13.097558     21.936031
1.362500    13.100606     21.978325
1.365000    13.102016     22.014724
1.367500    13.101562     22.060055
1.370000    13.101657     22.092054
1.372500    13.098923     22.129674
1.375000    13.099817     22.097678
1.377500    13.094728     22.103150
1.380000    13.095597     22.123146
1.382500    13.092251     21.993776
1.385000    13.086223     21.948510
1.387500    13.082070     21.873575
1.390000    13.080874     21.866320
1.392500    13.077795     21.814979
1.395000    13.076631     21.853151
1.397500    13.072860     21.884653
1.400000    13.073246     21.928210
1.402500    13.070313     21.916621
1.405000    13.064472     21.904203
1.407500    13.064366     21.999485
1.410000    13.062825     22.068913
1.412500    13.062251     22.123974
1.415000    13.057770     21.990660
1.417500    13.058700     22.116381
1.420000    13.053385     22.006780
1.422500    13.053160     22.061378
1.425000    13.050693     22.125828
1.427500    13.048465     22.128370
1.430000    13.046724     22.167464
1.432500    13.045975     22.198849
1.435000    13.042530     22.241977
1.437500    13.039588     22.277327
1.440000    13.039460     22.314017
1.442500    13.035710     22.350317
1.445000    13.033606     22.400210
1.447500    13.031768     22.412392
1.450000    13.028588     22.357408
1.452500    13.028156     22.426544
1.455000    13.025811     22.406134
1.457500    13.027461     22.534111
1.460000    13.023135     22.516376
1.462500    13.018869     22.423066
1.465000    13.013562     22.309415
1.467500    13.008639     22.280609
1.470000    13.000766     22.103229
1.472500    12.996375     22.074746
1.475000    12.989717     22.061383
1.477500    12.981166     22.037542
1.480000    12.971616     21.937048
1.482500    12.967868     21.858731
1.485000    12.966311     21.897188
1.487500    12.961985     21.966544
1.490000    12.962475     21.970067
1.492500    12.963404     21.997415
1.495000    12.962807     22.027020
1.497500    12.965051     22.181139
1.500000    12.969078     22.217593
1.502500    12.970935     22.270719
1.505000    12.968517     22.238598
1.507500    12.968854     22.277116
1.510000    12.966307     21.987565
1.512500    12.964040     21.953265
1.515000    12.959754     21.765139
1.517500    12.957515     21.804345
1.520000    12.954274     21.756488
1.522500    12.951833     21.781276
1.525000    12.949214     21.684757
1.527500    12.947295     21.712635
1.530000    12.942791     21.679839
1.532500    12.944016     21.717497
1.535000    12.941174     21.747767
1.537500    12.941745     21.782571
1.540000    12.940509     21.817138
1.542500    12.940078     21.851765
1.545000    12.938431     21.888590
1.547500    12.937314     21.920643
1.550000    12.936991     21.938239
1.552500    12.931616     21.937516
1.555000    12.929111     21.956682
1.557500    12.928558     22.002785
1.560000    12.925271     22.028079
1.562500    12.924228     22.062823
1.565000    12.919645     21.892939
1.567500    12.916331     21.894821
1.570000    12.914330     21.915921
1.572500    12.915094     21.958795
1.575000    12.917639     21.963567
1.577500    12.915094     21.928079
1.580000    12.916087     21.963755
1.582500    12.917304     22.072353
1.585000    12.917465     22.121794
1.587500    12.912599     21.880894
1.590000    12.912350     21.929151
1.592500    12.908020     21.775472
1.595000    12.907529     21.788598
1.597500    12.905603     21.798757
1.600000    12.907093     21.844130
1.602500    12.905233     21.877407
1.605000    12.904807     21.920143
1.607500    12.903691     21.950679
1.610000    12.902389     21.990935
1.612500    12.902279     21.995532
1.615000    12.902324     22.032650
1.617500    12.899138     22.069106
1.620000    12.898154     22.136508
1.622500    12.897901     22.169645
1.625000    12.896067     22.213912
1.627500    12.894872     22.195834
1.630000    12.892625     22.180722
1.632500    12.892221     22.215390
1.635000    12.886415     22.170878
1.637500    12.884508     22.229222
1.640000    12.884144     22.235826
1.642500    12.874227     22.020425
1.645000    12.873226     22.076400
1.647500    12.868813     21.909758
1.650000    12.864719     21.820320
1.652500    12.857800     21.818300
1.655000    12.854517     21.843821
1.657500    12.853923     21.871612
1.660000    12.851438     21.841262
1.662500    12.852524     21.892718
1.665000    12.846016     21.809279
1.667500    12.844615     21.843535
1.670000    12.843633     21.912078
1.672500    12.839203     21.835779
1.675000    12.839790     21.862221
1.677500    12.835486     21.742933
1.680000    12.832197     21.741401
1.682500    12.826643     21.737792
1.685000    12.821122     21.575160
1.687500    12.818027     21.593510
1.690000    12.816092     21.550903
1.692500    12.812641     21.557203
1.695000    12.814677     21.585529
1.697500    12.814576     21.620439
1.700000    12.813240     21.649413
1.702500    12.812075     21.680747
1.705000    12.809616     21.642855
1.707500    12.812137     21.661199
1.710000    12.813811     21.683528
1.712500    12.818050     21.670536
1.715000    12.818289     21.731842
1.717500    12.822157     21.763927
1.720000    12.822275     21.762967
1.722500    12.824380     21.692282
1.725000    12.826021     21.726017
1.727500    12.828410     21.724521
1.730000    12.829077     21.763627
1.732500    12.832176     21.707234
1.735000    12.832107     21.764787
1.737500    12.829557     21.833521
1.740000    12.829866     21.888614
1.742500    12.827008     21.897316
1.745000    12.825665     21.922815
1.747500    12.825003     21.953125
1.750000    12.826728     21.930024
1.752500    12.828962     21.961512
1.755000    12.834747     21.834556
1.757500    12.835029     21.912829
1.760000    12.838127     21.876878
1.762500    12.843076     21.862463
1.765000    12.844719     21.870303
1.767500    12.846654     21.909396
1.770000    12.849629     21.919036
1.772500    12.848980     21.953986
1.775000    12.849590     21.981316
1.777500    12.854993     22.010893
1.780000    12.853776     22.043895
1.782500    12.853280     22.080800
1.785000    12.853296     22.123860
1.787500    12.854072     22.132973
1.790000    12.851827     22.138632
1.792500    12.850721     22.180057
1.795000    12.849278     22.178345
1.797500    12.849742     22.198612
1.800000    12.847965     22.227775
1.802500    12.847596     22.253846
1.805000    12.846004     22.300197
1.807500    12.845589     22.321090
1.810000    12.849198     22.126225
1.812500    12.853213     22.119956
1.815000    12.854340     22.175332
1.817500    12.856672     22.204320
1.820000    12.857883     22.273672
1.822500    12.857696     22.264118
1.825000    12.860955     22.271691
1.827500    12.863265     22.310136
1.830000    12.861890     22.329851
1.832500    12.864784     22.355041
1.835000    12.864993     22.374111
1.837500    12.863394     22.361985
1.840000    12.861334     22.379851
1.842500    12.861185     22.411444
1.845000    12.863251     22.434291
1.847500    12.864020     22.454373
1.850000    12.868848     22.344125
1.852500    12.867641     22.396393
1.855000    12.869817     22.423869
1.857500    12.870356     22.499776
1.860000    12.866931     22.294275
1.862500    12.865451     22.303131
1.865000    12.864871     22.228181
1.867500    12.863043     22.238872
1.870000    12.864905     22.292544
1.872500    12.864850     22.293966
1.875000    12.863322     22.324698
1.877500    12.863132     22.358030
1.880000    12.865207     22.397174
1.882500    12.863252     22.307997
1.885000    12.863685     22.351519
1.887500    12.863103     22.348262
1.890000    12.862969     22.378065
1.892500    12.861588     22.418176
1.895000    12.862613     22.421568
1.897500    12.864215     22.490311
1.900000    12.862504     22.550813
1.902500    12.865160     22.573774
1.905000    12.865383     22.613547
1.907500    12.862806     22.605418
1.910000    12.861644     22.577255
1.912500    12.860566     22.584517
1.915000    12.853416     22.622560
1.917500    12.848501     22.672022
1.920000    12.847806     22.713813
1.922500    12.841173     22.579002
1.925000    12.836639     22.584284
1.927500    12.832311     22.605032
1.930000    12.830900     22.592799
1.932500    12.832625     22.621653
1.935000    12.832799     22.612902
1.937500    12.833610     22.650872
1.940000    12.834872     22.673513
1.942500    12.835448     22.699358
1.945000    12.836179     22.800421
1.947500    12.833369     22.854116
1.950000    12.836233     22.927781
1.952500    12.836029     22.953034
1.955000    12.838183     23.143339
1.957500    12.838672     23.173042
1.960000    12.842486     23.217459
1.962500    12.841826     23.261972
1.965000    12.843483     23.445590
1.967500    12.844131     23.491128
1.970000    12.843060     23.514711
1.972500    12.842832     23.570752
1.975000    12.842953     23.617131
1.977500    12.841075     23.659630
1.980000    12.841213     23.699984
1.982500    12.839819     23.709662
1.985000    12.840655     23.763176
1.987500    12.839704     23.820661
1.990000    12.840004     23.862484
1.992500    12.841918     23.901959
1.995000    12.841477     23.930870
1.997500    12.841746     23.935151
2.000000    12.842089     23.958641
2.002500    12.841420     23.920542
2.005000    12.841653     23.882862
2.007500    12.841254     23.929404
2.010000    12.842605     23.955341
2.012500    12.843042     23.968481
2.015000    12.845683     24.207181
2.017500    12.848595     24.222643
2.020000    12.849714     24.245472
2.022500    12.851787     24.250403
2.025000    12.851738     24.273520
2.027500    12.852530     24.293934
2.030000    12.850408     24.311589
2.032500    12.851604     24.308110
2.035000    12.849301     24.303768
2.037500    12.846322     24.300177
2.040000    12.842401     24.299253
2.042500    12.840170     24.281759
2.045000    12.840423     24.277524
2.047500    12.839561     24.282056
2.050000    12.841152     24.306961
2.052500    12.836971     24.273408
2.055000    12.835111     24.293858
2.057500    12.833468     24.318375
2.060000    12.829324     24.147188
2.062500    12.826445     24.168781
2.065000    12.823899     24.114440
2.067500    12.827116     24.141260
2.070000    12.829308     24.135120
2.072500    12.826991     24.149232
2.075000    12.827412     24.171615
2.077500    12.828813     24.184296
2.080000    12.831360     24.322561
2.082500    12.831371     24.378172
2.085000    12.831866     24.391638
2.087500    12.833714     24.411656
2.090000    12.832858     24.435280
2.092500    12.836545     24.572842
2.095000    12.839918     24.601732
2.097500    12.840462     24.612279
2.100000    12.844239     24.589349
2.102500    12.844886     24.612333
2.105000    12.846721     24.635171
2.107500    12.847868     24.687330
2.110000    12.847714     24.707446
2.112500    12.847990     24.727308
2.115000    12.851138     24.816183
2.117500    12.849700     24.852151
2.120000    12.852436     24.873020
2.122500    12.850637     24.899246
2.125000    12.853107     24.899774
2.127500    12.849795     24.856515
2.130000    12.846803     24.878874
2.132500    12.845013     24.906386
2.135000    12.842836     24.927951
2.137500    12.839779     24.908862
2.140000    12.837857     24.923903
2.142500    12.835095     24.925017
2.145000    12.830774     24.989003
2.147500    12.829462     24.995816
2.150000    12.828887     24.968658
2.152500    12.827006     24.996366
2.155000    12.825134     24.923325
2.157500    12.821481     24.917111
2.160000    12.821488     24.828827
2.162500    12.821314     24.849442
2.165000    12.822137     24.884974
2.167500    12.821844     24.903216
2.170000    12.822863     24.932980
2.172500    12.823313     24.959876
2.175000    12.822299     24.980205
2.177500    12.823272     25.002424
2.180000    12.821766     25.024471
2.182500    12.819989     25.023784
2.185000    12.816788     25.006942
2.187500    12.815558     25.036903
2.190000    12.812459     25.040652
2.192500    12.812046     25.060745
2.195000    12.810753     25.077781
2.197500    12.811856     25.102400
2.200000    12.810113     25.121926
2.202500    12.811576     25.140273
2.205000    12.812601     25.151834
2.207500    12.815907     25.105346
2.210000    12.816757     25.093452
2.212500    12.817929     25.116189
2.215000    12.819885     25.139893
2.217500    12.819825     25.138544
2.220000    12.821592     25.157069
2.222500    12.823117     25.134849
2.225000    12.823282     25.152604
2.227500    12.821825     25.149733
2.230000    12.821960     25.176375
2.232500    12.822368     25.178003
2.235000    12.820682     25.187047
2.237500    12.821217     25.184742
2.240000    12.823049     25.203056
2.242500    12.823711     25.225218
2.245000    12.823799     25.269749
2.247500    12.827956     25.272622
2.250000    12.831572     25.246315
2.252500    12.835357     25.249944
2.255000    12.836661     25.267864
2.257500    12.839433     25.253081
2.260000    12.839694     25.270053
2.262500    12.842274     25.313019
2.265000    12.843650     25.355118
2.267500    12.848362     25.404861
2.270000    12.852799     25.372806
2.272500    12.854491     25.378427
2.275000    12.856439     25.435671
2.277500    12.856588     25.453407
2.280000    12.857788     25.485369
2.282500    12.857201     25.526684
2.285000    12.861511     25.611596
2.287500    12.862579     25.594956
2.290000    12.864297     25.633518
2.292500    12.866390     25.642580
2.295000    12.869656     25.666830
2.297500    12.869735     25.682878
2.300000    12.867402     25.659344
2.302500    12.868346     25.671305
2.305000    12.867624     25.697858
2.307500    12.868731     25.710950
2.310000    12.869084     25.728137
2.312500    12.869662     25.738652
2.315000    12.868412     25.767301
2.317500    12.871281     25.785082
2.320000    12.873121     25.750485
2.322500    12.874311     25.733319
2.325000    12.877780     25.703409
2.327500    12.876705     25.733544
2.330000    12.879138     25.702121
2.332500    12.878255     25.726612
2.335000    12.876908     25.698953
2.337500    12.874554     25.701592
2.340000    12.872953     25.634807
2.342500    12.873838     25.652397
2.345000    12.872999     25.639628
2.347500    12.872897     25.667371
2.350000    12.871663     25.577195
2.352500    12.871885     25.575264
2.355000    12.871823     25.605456
2.357500    12.869457     25.614997
2.360000    12.869483     25.629805
2.362500    12.871294     25.651074
2.365000    12.871991     25.687654
2.367500    12.870125     25.717152
2.370000    12.868217     25.718392
2.372500    12.869001     25.737513
2.375000    12.867801     25.730389
2.377500    12.868149     25.783157
2.380000    12.868975     25.784363
2.382500    12.868392     25.793925
2.385000    12.863576     25.835342
2.387500    12.860857     25.843164
2.390000    12.861559     25.862734
2.392500    12.856236     25.775001
2.395000    12.856527     25.810905
2.397500    12.855780     25.825744
2.400000    12.855241     25.854115
2.402500    12.855428     25.878246
2.405000    12.855495     25.905664
2.407500    12.855009     25.922313
2.410000    12.857082     25.916480
2.412500    12.858083     25.933945
2.415000    12.854509     25.955082
2.417500    12.852954     25.871472
2.420000    12.852078     25.890343
2.422500    12.852432     25.889329
2.425000    12.852482     25.906101
2.427500    12.852246     25.887594
2.430000    12.851558     25.900805
2.432500    12.850772     25.918562
2.435000    12.850492     25.936540
2.437500    12.848248     25.930005
2.440000    12.845933     25.964509
2.442500    12.842518     25.909814
2.445000    12.841657     25.916378
2.447500    12.839427     25.942441
2.450000    12.836694     25.865714
2.452500    12.836653     25.881544
2.455000    12.837734     25.902423
2.457500    12.837280     25.929713
2.460000    12.837302     25.929834
2.462500    12.838609     25.936124
2.465000    12.839761     25.970169
2.467500    12.840063     26.039860
2.470000    12.840091     26.056579
2.472500    12.838713     26.007347
2.475000    12.839682     26.031669
2.477500    12.837512     26.026265
2.480000    12.836215     26.054879
2.482500    12.834703     25.999015
2.485000    12.833259     25.995021
2.487500    12.834257     26.046570
2.490000    12.831581     25.986816
2.492500    12.832842     26.014558
2.495000    12.833624     26.011650
2.497500    12.835941     26.057571
2.500000    12.833353     26.070460
